,TeamA_G_x,TeamA_AB,TeamA_R_x,TeamA_H_x,TeamA_2B,TeamA_3B,TeamA_HR_x,TeamA_RBI,TeamA_BB_x,TeamA_SO_x,TeamA_SB,TeamA_CS,TeamA_AVG_x,TeamA_OBP,TeamA_SLG,TeamA_OPS,TeamA_W,TeamA_L,TeamA_ERA,TeamA_G_y,TeamA_GS,TeamA_CG,TeamA_SHO,TeamA_SV,TeamA_SVO,TeamA_IP,TeamA_H_y,TeamA_R_y,TeamA_ER,TeamA_HR_y,TeamA_HB,TeamA_BB_y,TeamA_SO_y,TeamA_WHIP,TeamA_AVG_y,TeamB_G_x,TeamB_AB,TeamB_R_x,TeamB_H_x,TeamB_2B,TeamB_3B,TeamB_HR_x,TeamB_RBI,TeamB_BB_x,TeamB_SO_x,TeamB_SB,TeamB_CS,TeamB_AVG_x,TeamB_OBP,TeamB_SLG,TeamB_OPS,TeamB_W,TeamB_L,TeamB_ERA,TeamB_G_y,TeamB_GS,TeamB_CG,TeamB_SHO,TeamB_SV,TeamB_SVO,TeamB_IP,TeamB_H_y,TeamB_R_y,TeamB_ER,TeamB_HR_y,TeamB_HB,TeamB_BB_y,TeamB_SO_y,TeamB_WHIP,TeamB_AVG_y
0,3,4,0,2,0,0,0,0,1,0.0,0,0,0.5,0.6,0.5,1.1,0,0,0.0,1,0,0,0,0,0,1.0,0,0,0.0,0.0,0.0,0.0,0.0,0.0,0.0,2,5,0,0,0,0,0,0,1,1.0,0,0,0.0,0.167,0.0,0.167,2,2,0.0,0,0,0,0,0,1,0.0,0,0,0.0,0.333,0.0,0.333,0.0,,
1,3,4,0,2,0,0,0,0,1,0.0,0,0,0.5,0.6,0.5,1.1,0,0,0.0,1,0,0,0,0,0,1.0,0,0,0.0,0.0,0.0,0.0,0.0,0.0,0.0,4,7,2,1,0,0,1,1,2,2.0,0,0,0.1,0.333,0.4,0.733,2,4,4.0,5,0,0,0,0,1,6.0,4,4,2.25,1.4,0.25,0.65,0.0,1.0,0.18325000000000002
2,3,4,0,2,0,0,0,0,1,0.0,0,0,0.5,0.6,0.5,1.1,0,0,0.0,1,0,0,0,0,0,1.0,0,0,0.0,0.0,0.0,0.0,0.0,0.0,0.0,7,12,2,5,1,0,2,6,1,3.0,0,0,0.32499999999999996,0.35824999999999996,0.675,1.03325,5,10,0.5,3,1,0,0,0,1,5.0,0,0,1.0,1.083,1.333,2.416,0.0,,
3,3,4,0,2,0,0,0,0,1,0.0,0,0,0.5,0.6,0.5,1.1,0,0,0.0,1,0,0,0,0,0,1.0,0,0,0.0,0.0,0.0,0.0,0.0,0.0,0.0,8,17,4,5,0,0,2,4,1,2.0,1,0,0.3016666666666667,0.361,0.7776666666666666,1.1386666666666667,0,0,27.0,1,0,0,0,0,1,1.0,4,3,3.0,0.0,0.0,0.0,0.0,4.0,0.571
4,3,4,0,2,0,0,0,0,1,0.0,0,0,0.5,0.6,0.5,1.1,0,0,0.0,1,0,0,0,0,0,1.0,0,0,0.0,0.0,0.0,0.0,0.0,0.0,0.0,21,45,13,18,3,1,3,13,2,11.0,2,2,0.4168333333333334,0.43100000000000005,0.75,1.181,4,7,1.0,2,0,0,0,1,3,2.0,0,0,0.143,0.333,0.143,0.476,0.0,0.0,0.0
5,3,4,0,2,0,0,0,0,1,0.0,0,0,0.5,0.6,0.5,1.1,0,0,0.0,1,0,0,0,0,0,1.0,0,0,0.0,0.0,0.0,0.0,0.0,0.0,0.0,12,21,5,6,0,1,3,6,0,4.0,0,0,0.27216666666666667,0.27216666666666667,0.7054999999999999,0.9776666666666666,1,0,0.0,0,0,0,0,0,0,0.0,0,0,0.0,0.0,0.0,0.0,0.0,,
6,3,4,0,2,0,0,0,0,1,0.0,0,0,0.5,0.6,0.5,1.1,0,0,0.0,1,0,0,0,0,0,1.0,0,0,0.0,0.0,0.0,0.0,0.0,0.0,0.0,7,10,5,3,0,0,3,4,3,2.0,1,0,0.33325,0.4375,1.33325,1.77075,1,2,0.0,2,0,0,0,1,1,4.0,1,0,0.0,0.333,0.0,0.333,0.0,0.5,0.1665
7,3,4,0,2,0,0,0,0,1,0.0,0,0,0.5,0.6,0.5,1.1,0,0,0.0,1,0,0,0,0,0,1.0,0,0,0.0,0.0,0.0,0.0,0.0,0.0,0.0,11,19,3,5,2,0,1,5,1,4.0,3,0,0.13125,0.16925,0.25625,0.4255,0,0,0.0,5,0,0,0,0,0,4.1,3,0,0.0,0.0,0.0,3.0,0.0,1.6666666666666667,0.19766666666666666
8,3,4,0,2,0,0,0,0,1,0.0,0,0,0.5,0.6,0.5,1.1,0,0,0.0,1,0,0,0,0,0,1.0,0,0,0.0,0.0,0.0,0.0,0.0,0.0,0.0,5,8,2,2,0,0,2,3,2,3.0,0,0,0.25,0.3333333333333333,1.0,1.3333333333333333,1,2,0.0,0,0,0,0,0,0,0.0,0,0,0.0,0.0,0.0,0.0,0.0,,
9,3,4,0,2,0,0,0,0,1,0.0,0,0,0.5,0.6,0.5,1.1,0,0,0.0,1,0,0,0,0,0,1.0,0,0,0.0,0.0,0.0,0.0,0.0,0.0,0.0,4,10,3,3,0,0,2,6,0,1.0,0,0,0.2915,0.36650000000000005,0.9165,1.283,5,6,2.75,2,1,0,0,0,4,4.0,1,2,1.333,2.6,0.667,2.267,0.0,1.0,0.25
10,3,4,0,2,0,0,0,0,1,0.0,0,0,0.5,0.6,0.5,1.1,0,0,0.0,1,0,0,0,0,0,1.0,0,0,0.0,0.0,0.0,0.0,0.0,0.0,0.0,6,14,2,3,0,0,1,4,1,2.0,0,0,0.25,0.26666666666666666,0.5,0.7666666666666666,0,0,45.0,3,0,0,0,0,0,0.4,4,5,5.0,0.0,0.0,5.0,0.0,7.5,0.7223333333333333
11,3,4,0,2,0,0,0,0,1,0.0,0,0,0.5,0.6,0.5,1.1,0,0,0.0,1,0,0,0,0,0,1.0,0,0,0.0,0.0,0.0,0.0,0.0,0.0,0.0,15,30,4,12,3,0,4,14,3,7.0,1,0,0.41425,0.47024999999999995,0.931,1.40125,2,5,1.0,3,0,0,0,1,0,1.0,0,0,0.6,0.667,0.6,1.267,0.0,,
12,3,4,0,2,0,0,0,0,1,0.0,0,0,0.5,0.6,0.5,1.1,0,0,0.0,1,0,0,0,0,0,1.0,0,0,0.0,0.0,0.0,0.0,0.0,0.0,0.0,8,17,3,5,0,0,3,8,0,6.0,1,0,0.268,0.30974999999999997,0.58925,0.899,0,0,0.0,3,0,0,0,0,1,1.2,2,0,0.0,0.0,0.0,2.0,0.0,2.6666666666666665,0.25
13,3,4,0,2,0,0,0,0,1,0.0,0,0,0.5,0.6,0.5,1.1,0,0,0.0,1,0,0,0,0,0,1.0,0,0,0.0,0.0,0.0,0.0,0.0,0.0,0.0,5,11,1,3,0,0,1,1,0,2.0,0,0,0.3,0.3,0.6,0.9,0,1,36.0,1,0,0,0,0,0,1.0,5,4,4.0,0.0,0.0,1.0,0.0,6.0,0.625
14,3,4,0,2,0,0,0,0,1,0.0,0,0,0.5,0.6,0.5,1.1,0,0,0.0,1,0,0,0,0,0,1.0,0,0,0.0,0.0,0.0,0.0,0.0,0.0,0.0,8,18,5,6,0,0,3,7,0,5.0,1,0,0.35000000000000003,0.35000000000000003,0.9375,1.2874999999999999,1,2,4.5,1,0,0,0,0,0,2.0,1,1,1.0,0.0,0.0,1.0,0.0,2.0,0.25
15,3,4,0,2,0,0,0,0,1,0.0,0,0,0.5,0.6,0.5,1.1,0,0,0.0,1,0,0,0,0,0,1.0,0,0,0.0,0.0,0.0,0.0,0.0,0.0,0.0,10,18,5,9,2,0,3,4,4,6.0,0,0,0.52075,0.61825,1.14575,1.764,0,0,0.0,1,0,0,0,0,0,0.1,1,0,0.0,0.0,0.0,0.0,0.0,3.0,0.5
16,3,4,0,2,0,0,0,0,1,0.0,0,0,0.5,0.6,0.5,1.1,0,0,0.0,1,0,0,0,0,0,1.0,0,0,0.0,0.0,0.0,0.0,0.0,0.0,0.0,4,5,2,3,0,0,2,3,0,0.0,0,0,0.6665,0.6665,1.9165,2.583,1,0,0.0,0,0,0,0,0,0,0.0,0,0,0.0,0.0,0.0,0.0,0.0,,
17,3,4,0,2,0,0,0,0,1,0.0,0,0,0.5,0.6,0.5,1.1,0,0,0.0,1,0,0,0,0,0,1.0,0,0,0.0,0.0,0.0,0.0,0.0,0.0,0.0,3,7,2,2,0,0,2,6,0,2.0,0,0,0.2,0.2,0.8,1.0,2,4,0.5,1,1,0,0,1,0,1.0,0,0,0.5,0.5,1.0,1.5,0.0,,
18,3,4,0,2,0,0,0,0,1,0.0,0,0,0.5,0.6,0.5,1.1,0,0,0.0,1,0,0,0,0,0,1.0,0,0,0.0,0.0,0.0,0.0,0.0,0.0,0.0,4,8,3,3,1,0,1,2,2,1.0,0,0,0.2145,0.278,0.5,0.778,1,0,0.0,2,1,0,0,0,0,2.0,0,0,0.0,0.0,0.0,0.0,0.0,0.0,0.0
19,3,4,0,2,0,0,0,0,1,0.0,0,0,0.5,0.6,0.5,1.1,0,0,0.0,1,0,0,0,0,0,1.0,0,0,0.0,0.0,0.0,0.0,0.0,0.0,0.0,10,17,10,7,1,0,4,11,2,6.0,0,0,0.40825,0.525,1.19575,1.72075,0,0,9.0,4,1,0,0,0,1,3.3,10,8,5.0,0.0,0.0,2.0,0.0,3.1875,0.43125
20,3,4,0,2,0,0,0,0,1,0.0,0,0,0.5,0.6,0.5,1.1,0,0,0.0,1,0,0,0,0,0,1.0,0,0,0.0,0.0,0.0,0.0,0.0,0.0,0.0,11,16,4,5,0,0,2,3,1,5.0,0,0,0.2072,0.2372,0.44279999999999997,0.6799999999999999,4,7,0.5,1,0,0,0,0,1,0.0,0,0,0.143,1.143,0.143,1.286,0.0,,
21,3,4,0,2,0,0,0,0,1,0.0,0,0,0.5,0.6,0.5,1.1,0,0,0.0,1,0,0,0,0,0,1.0,0,0,0.0,0.0,0.0,0.0,0.0,0.0,0.0,3,4,2,2,1,0,1,1,2,1.0,0,0,0.5,0.667,1.5,2.167,1,1,0.0,2,0,0,0,0,0,1.2,0,0,0.0,0.0,0.0,0.0,0.0,0.0,0.0
22,3,4,0,2,0,0,0,0,1,0.0,0,0,0.5,0.6,0.5,1.1,0,0,0.0,1,0,0,0,0,0,1.0,0,0,0.0,0.0,0.0,0.0,0.0,0.0,0.0,3,7,3,4,2,0,1,5,0,1.0,1,0,0.571,0.571,1.286,1.857,1,2,0.0,1,0,0,0,1,1,1.0,0,0,0.0,0.0,1.0,0.0,0.0,0.0,0.0
23,2,5,0,0,0,0,0,0,1,1.0,0,0,0.0,0.167,0.0,0.167,2,2,0.0,0,0,0,0,0,1,0.0,0,0,0.0,0.333,0.0,0.333,0.0,,,4,7,2,1,0,0,1,1,2,2.0,0,0,0.1,0.333,0.4,0.733,2,4,4.0,5,0,0,0,0,1,6.0,4,4,2.25,1.4,0.25,0.65,0.0,1.0,0.18325000000000002
24,2,5,0,0,0,0,0,0,1,1.0,0,0,0.0,0.167,0.0,0.167,2,2,0.0,0,0,0,0,0,1,0.0,0,0,0.0,0.333,0.0,0.333,0.0,,,7,12,2,5,1,0,2,6,1,3.0,0,0,0.32499999999999996,0.35824999999999996,0.675,1.03325,5,10,0.5,3,1,0,0,0,1,5.0,0,0,1.0,1.083,1.333,2.416,0.0,,
25,2,5,0,0,0,0,0,0,1,1.0,0,0,0.0,0.167,0.0,0.167,2,2,0.0,0,0,0,0,0,1,0.0,0,0,0.0,0.333,0.0,0.333,0.0,,,8,17,4,5,0,0,2,4,1,2.0,1,0,0.3016666666666667,0.361,0.7776666666666666,1.1386666666666667,0,0,27.0,1,0,0,0,0,1,1.0,4,3,3.0,0.0,0.0,0.0,0.0,4.0,0.571
26,2,5,0,0,0,0,0,0,1,1.0,0,0,0.0,0.167,0.0,0.167,2,2,0.0,0,0,0,0,0,1,0.0,0,0,0.0,0.333,0.0,0.333,0.0,,,21,45,13,18,3,1,3,13,2,11.0,2,2,0.4168333333333334,0.43100000000000005,0.75,1.181,4,7,1.0,2,0,0,0,1,3,2.0,0,0,0.143,0.333,0.143,0.476,0.0,0.0,0.0
27,2,5,0,0,0,0,0,0,1,1.0,0,0,0.0,0.167,0.0,0.167,2,2,0.0,0,0,0,0,0,1,0.0,0,0,0.0,0.333,0.0,0.333,0.0,,,12,21,5,6,0,1,3,6,0,4.0,0,0,0.27216666666666667,0.27216666666666667,0.7054999999999999,0.9776666666666666,1,0,0.0,0,0,0,0,0,0,0.0,0,0,0.0,0.0,0.0,0.0,0.0,,
28,2,5,0,0,0,0,0,0,1,1.0,0,0,0.0,0.167,0.0,0.167,2,2,0.0,0,0,0,0,0,1,0.0,0,0,0.0,0.333,0.0,0.333,0.0,,,7,10,5,3,0,0,3,4,3,2.0,1,0,0.33325,0.4375,1.33325,1.77075,1,2,0.0,2,0,0,0,1,1,4.0,1,0,0.0,0.333,0.0,0.333,0.0,0.5,0.1665
29,2,5,0,0,0,0,0,0,1,1.0,0,0,0.0,0.167,0.0,0.167,2,2,0.0,0,0,0,0,0,1,0.0,0,0,0.0,0.333,0.0,0.333,0.0,,,11,19,3,5,2,0,1,5,1,4.0,3,0,0.13125,0.16925,0.25625,0.4255,0,0,0.0,5,0,0,0,0,0,4.1,3,0,0.0,0.0,0.0,3.0,0.0,1.6666666666666667,0.19766666666666666
30,2,5,0,0,0,0,0,0,1,1.0,0,0,0.0,0.167,0.0,0.167,2,2,0.0,0,0,0,0,0,1,0.0,0,0,0.0,0.333,0.0,0.333,0.0,,,5,8,2,2,0,0,2,3,2,3.0,0,0,0.25,0.3333333333333333,1.0,1.3333333333333333,1,2,0.0,0,0,0,0,0,0,0.0,0,0,0.0,0.0,0.0,0.0,0.0,,
31,2,5,0,0,0,0,0,0,1,1.0,0,0,0.0,0.167,0.0,0.167,2,2,0.0,0,0,0,0,0,1,0.0,0,0,0.0,0.333,0.0,0.333,0.0,,,4,10,3,3,0,0,2,6,0,1.0,0,0,0.2915,0.36650000000000005,0.9165,1.283,5,6,2.75,2,1,0,0,0,4,4.0,1,2,1.333,2.6,0.667,2.267,0.0,1.0,0.25
32,2,5,0,0,0,0,0,0,1,1.0,0,0,0.0,0.167,0.0,0.167,2,2,0.0,0,0,0,0,0,1,0.0,0,0,0.0,0.333,0.0,0.333,0.0,,,6,14,2,3,0,0,1,4,1,2.0,0,0,0.25,0.26666666666666666,0.5,0.7666666666666666,0,0,45.0,3,0,0,0,0,0,0.4,4,5,5.0,0.0,0.0,5.0,0.0,7.5,0.7223333333333333
33,2,5,0,0,0,0,0,0,1,1.0,0,0,0.0,0.167,0.0,0.167,2,2,0.0,0,0,0,0,0,1,0.0,0,0,0.0,0.333,0.0,0.333,0.0,,,15,30,4,12,3,0,4,14,3,7.0,1,0,0.41425,0.47024999999999995,0.931,1.40125,2,5,1.0,3,0,0,0,1,0,1.0,0,0,0.6,0.667,0.6,1.267,0.0,,
34,2,5,0,0,0,0,0,0,1,1.0,0,0,0.0,0.167,0.0,0.167,2,2,0.0,0,0,0,0,0,1,0.0,0,0,0.0,0.333,0.0,0.333,0.0,,,8,17,3,5,0,0,3,8,0,6.0,1,0,0.268,0.30974999999999997,0.58925,0.899,0,0,0.0,3,0,0,0,0,1,1.2,2,0,0.0,0.0,0.0,2.0,0.0,2.6666666666666665,0.25
35,2,5,0,0,0,0,0,0,1,1.0,0,0,0.0,0.167,0.0,0.167,2,2,0.0,0,0,0,0,0,1,0.0,0,0,0.0,0.333,0.0,0.333,0.0,,,5,11,1,3,0,0,1,1,0,2.0,0,0,0.3,0.3,0.6,0.9,0,1,36.0,1,0,0,0,0,0,1.0,5,4,4.0,0.0,0.0,1.0,0.0,6.0,0.625
36,2,5,0,0,0,0,0,0,1,1.0,0,0,0.0,0.167,0.0,0.167,2,2,0.0,0,0,0,0,0,1,0.0,0,0,0.0,0.333,0.0,0.333,0.0,,,8,18,5,6,0,0,3,7,0,5.0,1,0,0.35000000000000003,0.35000000000000003,0.9375,1.2874999999999999,1,2,4.5,1,0,0,0,0,0,2.0,1,1,1.0,0.0,0.0,1.0,0.0,2.0,0.25
37,2,5,0,0,0,0,0,0,1,1.0,0,0,0.0,0.167,0.0,0.167,2,2,0.0,0,0,0,0,0,1,0.0,0,0,0.0,0.333,0.0,0.333,0.0,,,10,18,5,9,2,0,3,4,4,6.0,0,0,0.52075,0.61825,1.14575,1.764,0,0,0.0,1,0,0,0,0,0,0.1,1,0,0.0,0.0,0.0,0.0,0.0,3.0,0.5
38,2,5,0,0,0,0,0,0,1,1.0,0,0,0.0,0.167,0.0,0.167,2,2,0.0,0,0,0,0,0,1,0.0,0,0,0.0,0.333,0.0,0.333,0.0,,,4,5,2,3,0,0,2,3,0,0.0,0,0,0.6665,0.6665,1.9165,2.583,1,0,0.0,0,0,0,0,0,0,0.0,0,0,0.0,0.0,0.0,0.0,0.0,,
39,2,5,0,0,0,0,0,0,1,1.0,0,0,0.0,0.167,0.0,0.167,2,2,0.0,0,0,0,0,0,1,0.0,0,0,0.0,0.333,0.0,0.333,0.0,,,3,7,2,2,0,0,2,6,0,2.0,0,0,0.2,0.2,0.8,1.0,2,4,0.5,1,1,0,0,1,0,1.0,0,0,0.5,0.5,1.0,1.5,0.0,,
40,2,5,0,0,0,0,0,0,1,1.0,0,0,0.0,0.167,0.0,0.167,2,2,0.0,0,0,0,0,0,1,0.0,0,0,0.0,0.333,0.0,0.333,0.0,,,4,8,3,3,1,0,1,2,2,1.0,0,0,0.2145,0.278,0.5,0.778,1,0,0.0,2,1,0,0,0,0,2.0,0,0,0.0,0.0,0.0,0.0,0.0,0.0,0.0
41,2,5,0,0,0,0,0,0,1,1.0,0,0,0.0,0.167,0.0,0.167,2,2,0.0,0,0,0,0,0,1,0.0,0,0,0.0,0.333,0.0,0.333,0.0,,,10,17,10,7,1,0,4,11,2,6.0,0,0,0.40825,0.525,1.19575,1.72075,0,0,9.0,4,1,0,0,0,1,3.3,10,8,5.0,0.0,0.0,2.0,0.0,3.1875,0.43125
42,2,5,0,0,0,0,0,0,1,1.0,0,0,0.0,0.167,0.0,0.167,2,2,0.0,0,0,0,0,0,1,0.0,0,0,0.0,0.333,0.0,0.333,0.0,,,11,16,4,5,0,0,2,3,1,5.0,0,0,0.2072,0.2372,0.44279999999999997,0.6799999999999999,4,7,0.5,1,0,0,0,0,1,0.0,0,0,0.143,1.143,0.143,1.286,0.0,,
43,2,5,0,0,0,0,0,0,1,1.0,0,0,0.0,0.167,0.0,0.167,2,2,0.0,0,0,0,0,0,1,0.0,0,0,0.0,0.333,0.0,0.333,0.0,,,3,4,2,2,1,0,1,1,2,1.0,0,0,0.5,0.667,1.5,2.167,1,1,0.0,2,0,0,0,0,0,1.2,0,0,0.0,0.0,0.0,0.0,0.0,0.0,0.0
44,2,5,0,0,0,0,0,0,1,1.0,0,0,0.0,0.167,0.0,0.167,2,2,0.0,0,0,0,0,0,1,0.0,0,0,0.0,0.333,0.0,0.333,0.0,,,3,7,3,4,2,0,1,5,0,1.0,1,0,0.571,0.571,1.286,1.857,1,2,0.0,1,0,0,0,1,1,1.0,0,0,0.0,0.0,1.0,0.0,0.0,0.0,0.0
45,4,7,2,1,0,0,1,1,2,2.0,0,0,0.1,0.333,0.4,0.733,2,4,4.0,5,0,0,0,0,1,6.0,4,4,2.25,1.4,0.25,0.65,0.0,1.0,0.18325000000000002,7,12,2,5,1,0,2,6,1,3.0,0,0,0.32499999999999996,0.35824999999999996,0.675,1.03325,5,10,0.5,3,1,0,0,0,1,5.0,0,0,1.0,1.083,1.333,2.416,0.0,,
46,4,7,2,1,0,0,1,1,2,2.0,0,0,0.1,0.333,0.4,0.733,2,4,4.0,5,0,0,0,0,1,6.0,4,4,2.25,1.4,0.25,0.65,0.0,1.0,0.18325000000000002,8,17,4,5,0,0,2,4,1,2.0,1,0,0.3016666666666667,0.361,0.7776666666666666,1.1386666666666667,0,0,27.0,1,0,0,0,0,1,1.0,4,3,3.0,0.0,0.0,0.0,0.0,4.0,0.571
47,4,7,2,1,0,0,1,1,2,2.0,0,0,0.1,0.333,0.4,0.733,2,4,4.0,5,0,0,0,0,1,6.0,4,4,2.25,1.4,0.25,0.65,0.0,1.0,0.18325000000000002,21,45,13,18,3,1,3,13,2,11.0,2,2,0.4168333333333334,0.43100000000000005,0.75,1.181,4,7,1.0,2,0,0,0,1,3,2.0,0,0,0.143,0.333,0.143,0.476,0.0,0.0,0.0
48,4,7,2,1,0,0,1,1,2,2.0,0,0,0.1,0.333,0.4,0.733,2,4,4.0,5,0,0,0,0,1,6.0,4,4,2.25,1.4,0.25,0.65,0.0,1.0,0.18325000000000002,12,21,5,6,0,1,3,6,0,4.0,0,0,0.27216666666666667,0.27216666666666667,0.7054999999999999,0.9776666666666666,1,0,0.0,0,0,0,0,0,0,0.0,0,0,0.0,0.0,0.0,0.0,0.0,,
49,4,7,2,1,0,0,1,1,2,2.0,0,0,0.1,0.333,0.4,0.733,2,4,4.0,5,0,0,0,0,1,6.0,4,4,2.25,1.4,0.25,0.65,0.0,1.0,0.18325000000000002,7,10,5,3,0,0,3,4,3,2.0,1,0,0.33325,0.4375,1.33325,1.77075,1,2,0.0,2,0,0,0,1,1,4.0,1,0,0.0,0.333,0.0,0.333,0.0,0.5,0.1665
50,4,7,2,1,0,0,1,1,2,2.0,0,0,0.1,0.333,0.4,0.733,2,4,4.0,5,0,0,0,0,1,6.0,4,4,2.25,1.4,0.25,0.65,0.0,1.0,0.18325000000000002,11,19,3,5,2,0,1,5,1,4.0,3,0,0.13125,0.16925,0.25625,0.4255,0,0,0.0,5,0,0,0,0,0,4.1,3,0,0.0,0.0,0.0,3.0,0.0,1.6666666666666667,0.19766666666666666
51,4,7,2,1,0,0,1,1,2,2.0,0,0,0.1,0.333,0.4,0.733,2,4,4.0,5,0,0,0,0,1,6.0,4,4,2.25,1.4,0.25,0.65,0.0,1.0,0.18325000000000002,5,8,2,2,0,0,2,3,2,3.0,0,0,0.25,0.3333333333333333,1.0,1.3333333333333333,1,2,0.0,0,0,0,0,0,0,0.0,0,0,0.0,0.0,0.0,0.0,0.0,,
52,4,7,2,1,0,0,1,1,2,2.0,0,0,0.1,0.333,0.4,0.733,2,4,4.0,5,0,0,0,0,1,6.0,4,4,2.25,1.4,0.25,0.65,0.0,1.0,0.18325000000000002,4,10,3,3,0,0,2,6,0,1.0,0,0,0.2915,0.36650000000000005,0.9165,1.283,5,6,2.75,2,1,0,0,0,4,4.0,1,2,1.333,2.6,0.667,2.267,0.0,1.0,0.25
53,4,7,2,1,0,0,1,1,2,2.0,0,0,0.1,0.333,0.4,0.733,2,4,4.0,5,0,0,0,0,1,6.0,4,4,2.25,1.4,0.25,0.65,0.0,1.0,0.18325000000000002,6,14,2,3,0,0,1,4,1,2.0,0,0,0.25,0.26666666666666666,0.5,0.7666666666666666,0,0,45.0,3,0,0,0,0,0,0.4,4,5,5.0,0.0,0.0,5.0,0.0,7.5,0.7223333333333333
54,4,7,2,1,0,0,1,1,2,2.0,0,0,0.1,0.333,0.4,0.733,2,4,4.0,5,0,0,0,0,1,6.0,4,4,2.25,1.4,0.25,0.65,0.0,1.0,0.18325000000000002,15,30,4,12,3,0,4,14,3,7.0,1,0,0.41425,0.47024999999999995,0.931,1.40125,2,5,1.0,3,0,0,0,1,0,1.0,0,0,0.6,0.667,0.6,1.267,0.0,,
55,4,7,2,1,0,0,1,1,2,2.0,0,0,0.1,0.333,0.4,0.733,2,4,4.0,5,0,0,0,0,1,6.0,4,4,2.25,1.4,0.25,0.65,0.0,1.0,0.18325000000000002,8,17,3,5,0,0,3,8,0,6.0,1,0,0.268,0.30974999999999997,0.58925,0.899,0,0,0.0,3,0,0,0,0,1,1.2,2,0,0.0,0.0,0.0,2.0,0.0,2.6666666666666665,0.25
56,4,7,2,1,0,0,1,1,2,2.0,0,0,0.1,0.333,0.4,0.733,2,4,4.0,5,0,0,0,0,1,6.0,4,4,2.25,1.4,0.25,0.65,0.0,1.0,0.18325000000000002,5,11,1,3,0,0,1,1,0,2.0,0,0,0.3,0.3,0.6,0.9,0,1,36.0,1,0,0,0,0,0,1.0,5,4,4.0,0.0,0.0,1.0,0.0,6.0,0.625
57,4,7,2,1,0,0,1,1,2,2.0,0,0,0.1,0.333,0.4,0.733,2,4,4.0,5,0,0,0,0,1,6.0,4,4,2.25,1.4,0.25,0.65,0.0,1.0,0.18325000000000002,8,18,5,6,0,0,3,7,0,5.0,1,0,0.35000000000000003,0.35000000000000003,0.9375,1.2874999999999999,1,2,4.5,1,0,0,0,0,0,2.0,1,1,1.0,0.0,0.0,1.0,0.0,2.0,0.25
58,4,7,2,1,0,0,1,1,2,2.0,0,0,0.1,0.333,0.4,0.733,2,4,4.0,5,0,0,0,0,1,6.0,4,4,2.25,1.4,0.25,0.65,0.0,1.0,0.18325000000000002,10,18,5,9,2,0,3,4,4,6.0,0,0,0.52075,0.61825,1.14575,1.764,0,0,0.0,1,0,0,0,0,0,0.1,1,0,0.0,0.0,0.0,0.0,0.0,3.0,0.5
59,4,7,2,1,0,0,1,1,2,2.0,0,0,0.1,0.333,0.4,0.733,2,4,4.0,5,0,0,0,0,1,6.0,4,4,2.25,1.4,0.25,0.65,0.0,1.0,0.18325000000000002,4,5,2,3,0,0,2,3,0,0.0,0,0,0.6665,0.6665,1.9165,2.583,1,0,0.0,0,0,0,0,0,0,0.0,0,0,0.0,0.0,0.0,0.0,0.0,,
60,4,7,2,1,0,0,1,1,2,2.0,0,0,0.1,0.333,0.4,0.733,2,4,4.0,5,0,0,0,0,1,6.0,4,4,2.25,1.4,0.25,0.65,0.0,1.0,0.18325000000000002,3,7,2,2,0,0,2,6,0,2.0,0,0,0.2,0.2,0.8,1.0,2,4,0.5,1,1,0,0,1,0,1.0,0,0,0.5,0.5,1.0,1.5,0.0,,
61,4,7,2,1,0,0,1,1,2,2.0,0,0,0.1,0.333,0.4,0.733,2,4,4.0,5,0,0,0,0,1,6.0,4,4,2.25,1.4,0.25,0.65,0.0,1.0,0.18325000000000002,4,8,3,3,1,0,1,2,2,1.0,0,0,0.2145,0.278,0.5,0.778,1,0,0.0,2,1,0,0,0,0,2.0,0,0,0.0,0.0,0.0,0.0,0.0,0.0,0.0
62,4,7,2,1,0,0,1,1,2,2.0,0,0,0.1,0.333,0.4,0.733,2,4,4.0,5,0,0,0,0,1,6.0,4,4,2.25,1.4,0.25,0.65,0.0,1.0,0.18325000000000002,10,17,10,7,1,0,4,11,2,6.0,0,0,0.40825,0.525,1.19575,1.72075,0,0,9.0,4,1,0,0,0,1,3.3,10,8,5.0,0.0,0.0,2.0,0.0,3.1875,0.43125
63,4,7,2,1,0,0,1,1,2,2.0,0,0,0.1,0.333,0.4,0.733,2,4,4.0,5,0,0,0,0,1,6.0,4,4,2.25,1.4,0.25,0.65,0.0,1.0,0.18325000000000002,11,16,4,5,0,0,2,3,1,5.0,0,0,0.2072,0.2372,0.44279999999999997,0.6799999999999999,4,7,0.5,1,0,0,0,0,1,0.0,0,0,0.143,1.143,0.143,1.286,0.0,,
64,4,7,2,1,0,0,1,1,2,2.0,0,0,0.1,0.333,0.4,0.733,2,4,4.0,5,0,0,0,0,1,6.0,4,4,2.25,1.4,0.25,0.65,0.0,1.0,0.18325000000000002,3,4,2,2,1,0,1,1,2,1.0,0,0,0.5,0.667,1.5,2.167,1,1,0.0,2,0,0,0,0,0,1.2,0,0,0.0,0.0,0.0,0.0,0.0,0.0,0.0
65,4,7,2,1,0,0,1,1,2,2.0,0,0,0.1,0.333,0.4,0.733,2,4,4.0,5,0,0,0,0,1,6.0,4,4,2.25,1.4,0.25,0.65,0.0,1.0,0.18325000000000002,3,7,3,4,2,0,1,5,0,1.0,1,0,0.571,0.571,1.286,1.857,1,2,0.0,1,0,0,0,1,1,1.0,0,0,0.0,0.0,1.0,0.0,0.0,0.0,0.0
66,7,12,2,5,1,0,2,6,1,3.0,0,0,0.32499999999999996,0.35824999999999996,0.675,1.03325,5,10,0.5,3,1,0,0,0,1,5.0,0,0,1.0,1.083,1.333,2.416,0.0,,,8,17,4,5,0,0,2,4,1,2.0,1,0,0.3016666666666667,0.361,0.7776666666666666,1.1386666666666667,0,0,27.0,1,0,0,0,0,1,1.0,4,3,3.0,0.0,0.0,0.0,0.0,4.0,0.571
67,7,12,2,5,1,0,2,6,1,3.0,0,0,0.32499999999999996,0.35824999999999996,0.675,1.03325,5,10,0.5,3,1,0,0,0,1,5.0,0,0,1.0,1.083,1.333,2.416,0.0,,,21,45,13,18,3,1,3,13,2,11.0,2,2,0.4168333333333334,0.43100000000000005,0.75,1.181,4,7,1.0,2,0,0,0,1,3,2.0,0,0,0.143,0.333,0.143,0.476,0.0,0.0,0.0
68,7,12,2,5,1,0,2,6,1,3.0,0,0,0.32499999999999996,0.35824999999999996,0.675,1.03325,5,10,0.5,3,1,0,0,0,1,5.0,0,0,1.0,1.083,1.333,2.416,0.0,,,12,21,5,6,0,1,3,6,0,4.0,0,0,0.27216666666666667,0.27216666666666667,0.7054999999999999,0.9776666666666666,1,0,0.0,0,0,0,0,0,0,0.0,0,0,0.0,0.0,0.0,0.0,0.0,,
69,7,12,2,5,1,0,2,6,1,3.0,0,0,0.32499999999999996,0.35824999999999996,0.675,1.03325,5,10,0.5,3,1,0,0,0,1,5.0,0,0,1.0,1.083,1.333,2.416,0.0,,,7,10,5,3,0,0,3,4,3,2.0,1,0,0.33325,0.4375,1.33325,1.77075,1,2,0.0,2,0,0,0,1,1,4.0,1,0,0.0,0.333,0.0,0.333,0.0,0.5,0.1665
70,7,12,2,5,1,0,2,6,1,3.0,0,0,0.32499999999999996,0.35824999999999996,0.675,1.03325,5,10,0.5,3,1,0,0,0,1,5.0,0,0,1.0,1.083,1.333,2.416,0.0,,,11,19,3,5,2,0,1,5,1,4.0,3,0,0.13125,0.16925,0.25625,0.4255,0,0,0.0,5,0,0,0,0,0,4.1,3,0,0.0,0.0,0.0,3.0,0.0,1.6666666666666667,0.19766666666666666
71,7,12,2,5,1,0,2,6,1,3.0,0,0,0.32499999999999996,0.35824999999999996,0.675,1.03325,5,10,0.5,3,1,0,0,0,1,5.0,0,0,1.0,1.083,1.333,2.416,0.0,,,5,8,2,2,0,0,2,3,2,3.0,0,0,0.25,0.3333333333333333,1.0,1.3333333333333333,1,2,0.0,0,0,0,0,0,0,0.0,0,0,0.0,0.0,0.0,0.0,0.0,,
72,7,12,2,5,1,0,2,6,1,3.0,0,0,0.32499999999999996,0.35824999999999996,0.675,1.03325,5,10,0.5,3,1,0,0,0,1,5.0,0,0,1.0,1.083,1.333,2.416,0.0,,,4,10,3,3,0,0,2,6,0,1.0,0,0,0.2915,0.36650000000000005,0.9165,1.283,5,6,2.75,2,1,0,0,0,4,4.0,1,2,1.333,2.6,0.667,2.267,0.0,1.0,0.25
73,7,12,2,5,1,0,2,6,1,3.0,0,0,0.32499999999999996,0.35824999999999996,0.675,1.03325,5,10,0.5,3,1,0,0,0,1,5.0,0,0,1.0,1.083,1.333,2.416,0.0,,,6,14,2,3,0,0,1,4,1,2.0,0,0,0.25,0.26666666666666666,0.5,0.7666666666666666,0,0,45.0,3,0,0,0,0,0,0.4,4,5,5.0,0.0,0.0,5.0,0.0,7.5,0.7223333333333333
74,7,12,2,5,1,0,2,6,1,3.0,0,0,0.32499999999999996,0.35824999999999996,0.675,1.03325,5,10,0.5,3,1,0,0,0,1,5.0,0,0,1.0,1.083,1.333,2.416,0.0,,,15,30,4,12,3,0,4,14,3,7.0,1,0,0.41425,0.47024999999999995,0.931,1.40125,2,5,1.0,3,0,0,0,1,0,1.0,0,0,0.6,0.667,0.6,1.267,0.0,,
75,7,12,2,5,1,0,2,6,1,3.0,0,0,0.32499999999999996,0.35824999999999996,0.675,1.03325,5,10,0.5,3,1,0,0,0,1,5.0,0,0,1.0,1.083,1.333,2.416,0.0,,,8,17,3,5,0,0,3,8,0,6.0,1,0,0.268,0.30974999999999997,0.58925,0.899,0,0,0.0,3,0,0,0,0,1,1.2,2,0,0.0,0.0,0.0,2.0,0.0,2.6666666666666665,0.25
76,7,12,2,5,1,0,2,6,1,3.0,0,0,0.32499999999999996,0.35824999999999996,0.675,1.03325,5,10,0.5,3,1,0,0,0,1,5.0,0,0,1.0,1.083,1.333,2.416,0.0,,,5,11,1,3,0,0,1,1,0,2.0,0,0,0.3,0.3,0.6,0.9,0,1,36.0,1,0,0,0,0,0,1.0,5,4,4.0,0.0,0.0,1.0,0.0,6.0,0.625
77,7,12,2,5,1,0,2,6,1,3.0,0,0,0.32499999999999996,0.35824999999999996,0.675,1.03325,5,10,0.5,3,1,0,0,0,1,5.0,0,0,1.0,1.083,1.333,2.416,0.0,,,8,18,5,6,0,0,3,7,0,5.0,1,0,0.35000000000000003,0.35000000000000003,0.9375,1.2874999999999999,1,2,4.5,1,0,0,0,0,0,2.0,1,1,1.0,0.0,0.0,1.0,0.0,2.0,0.25
78,7,12,2,5,1,0,2,6,1,3.0,0,0,0.32499999999999996,0.35824999999999996,0.675,1.03325,5,10,0.5,3,1,0,0,0,1,5.0,0,0,1.0,1.083,1.333,2.416,0.0,,,10,18,5,9,2,0,3,4,4,6.0,0,0,0.52075,0.61825,1.14575,1.764,0,0,0.0,1,0,0,0,0,0,0.1,1,0,0.0,0.0,0.0,0.0,0.0,3.0,0.5
79,7,12,2,5,1,0,2,6,1,3.0,0,0,0.32499999999999996,0.35824999999999996,0.675,1.03325,5,10,0.5,3,1,0,0,0,1,5.0,0,0,1.0,1.083,1.333,2.416,0.0,,,4,5,2,3,0,0,2,3,0,0.0,0,0,0.6665,0.6665,1.9165,2.583,1,0,0.0,0,0,0,0,0,0,0.0,0,0,0.0,0.0,0.0,0.0,0.0,,
80,7,12,2,5,1,0,2,6,1,3.0,0,0,0.32499999999999996,0.35824999999999996,0.675,1.03325,5,10,0.5,3,1,0,0,0,1,5.0,0,0,1.0,1.083,1.333,2.416,0.0,,,3,7,2,2,0,0,2,6,0,2.0,0,0,0.2,0.2,0.8,1.0,2,4,0.5,1,1,0,0,1,0,1.0,0,0,0.5,0.5,1.0,1.5,0.0,,
81,7,12,2,5,1,0,2,6,1,3.0,0,0,0.32499999999999996,0.35824999999999996,0.675,1.03325,5,10,0.5,3,1,0,0,0,1,5.0,0,0,1.0,1.083,1.333,2.416,0.0,,,4,8,3,3,1,0,1,2,2,1.0,0,0,0.2145,0.278,0.5,0.778,1,0,0.0,2,1,0,0,0,0,2.0,0,0,0.0,0.0,0.0,0.0,0.0,0.0,0.0
82,7,12,2,5,1,0,2,6,1,3.0,0,0,0.32499999999999996,0.35824999999999996,0.675,1.03325,5,10,0.5,3,1,0,0,0,1,5.0,0,0,1.0,1.083,1.333,2.416,0.0,,,10,17,10,7,1,0,4,11,2,6.0,0,0,0.40825,0.525,1.19575,1.72075,0,0,9.0,4,1,0,0,0,1,3.3,10,8,5.0,0.0,0.0,2.0,0.0,3.1875,0.43125
83,7,12,2,5,1,0,2,6,1,3.0,0,0,0.32499999999999996,0.35824999999999996,0.675,1.03325,5,10,0.5,3,1,0,0,0,1,5.0,0,0,1.0,1.083,1.333,2.416,0.0,,,11,16,4,5,0,0,2,3,1,5.0,0,0,0.2072,0.2372,0.44279999999999997,0.6799999999999999,4,7,0.5,1,0,0,0,0,1,0.0,0,0,0.143,1.143,0.143,1.286,0.0,,
84,7,12,2,5,1,0,2,6,1,3.0,0,0,0.32499999999999996,0.35824999999999996,0.675,1.03325,5,10,0.5,3,1,0,0,0,1,5.0,0,0,1.0,1.083,1.333,2.416,0.0,,,3,4,2,2,1,0,1,1,2,1.0,0,0,0.5,0.667,1.5,2.167,1,1,0.0,2,0,0,0,0,0,1.2,0,0,0.0,0.0,0.0,0.0,0.0,0.0,0.0
85,7,12,2,5,1,0,2,6,1,3.0,0,0,0.32499999999999996,0.35824999999999996,0.675,1.03325,5,10,0.5,3,1,0,0,0,1,5.0,0,0,1.0,1.083,1.333,2.416,0.0,,,3,7,3,4,2,0,1,5,0,1.0,1,0,0.571,0.571,1.286,1.857,1,2,0.0,1,0,0,0,1,1,1.0,0,0,0.0,0.0,1.0,0.0,0.0,0.0,0.0
86,8,17,4,5,0,0,2,4,1,2.0,1,0,0.3016666666666667,0.361,0.7776666666666666,1.1386666666666667,0,0,27.0,1,0,0,0,0,1,1.0,4,3,3.0,0.0,0.0,0.0,0.0,4.0,0.571,21,45,13,18,3,1,3,13,2,11.0,2,2,0.4168333333333334,0.43100000000000005,0.75,1.181,4,7,1.0,2,0,0,0,1,3,2.0,0,0,0.143,0.333,0.143,0.476,0.0,0.0,0.0
87,8,17,4,5,0,0,2,4,1,2.0,1,0,0.3016666666666667,0.361,0.7776666666666666,1.1386666666666667,0,0,27.0,1,0,0,0,0,1,1.0,4,3,3.0,0.0,0.0,0.0,0.0,4.0,0.571,12,21,5,6,0,1,3,6,0,4.0,0,0,0.27216666666666667,0.27216666666666667,0.7054999999999999,0.9776666666666666,1,0,0.0,0,0,0,0,0,0,0.0,0,0,0.0,0.0,0.0,0.0,0.0,,
88,8,17,4,5,0,0,2,4,1,2.0,1,0,0.3016666666666667,0.361,0.7776666666666666,1.1386666666666667,0,0,27.0,1,0,0,0,0,1,1.0,4,3,3.0,0.0,0.0,0.0,0.0,4.0,0.571,7,10,5,3,0,0,3,4,3,2.0,1,0,0.33325,0.4375,1.33325,1.77075,1,2,0.0,2,0,0,0,1,1,4.0,1,0,0.0,0.333,0.0,0.333,0.0,0.5,0.1665
89,8,17,4,5,0,0,2,4,1,2.0,1,0,0.3016666666666667,0.361,0.7776666666666666,1.1386666666666667,0,0,27.0,1,0,0,0,0,1,1.0,4,3,3.0,0.0,0.0,0.0,0.0,4.0,0.571,11,19,3,5,2,0,1,5,1,4.0,3,0,0.13125,0.16925,0.25625,0.4255,0,0,0.0,5,0,0,0,0,0,4.1,3,0,0.0,0.0,0.0,3.0,0.0,1.6666666666666667,0.19766666666666666
90,8,17,4,5,0,0,2,4,1,2.0,1,0,0.3016666666666667,0.361,0.7776666666666666,1.1386666666666667,0,0,27.0,1,0,0,0,0,1,1.0,4,3,3.0,0.0,0.0,0.0,0.0,4.0,0.571,5,8,2,2,0,0,2,3,2,3.0,0,0,0.25,0.3333333333333333,1.0,1.3333333333333333,1,2,0.0,0,0,0,0,0,0,0.0,0,0,0.0,0.0,0.0,0.0,0.0,,
91,8,17,4,5,0,0,2,4,1,2.0,1,0,0.3016666666666667,0.361,0.7776666666666666,1.1386666666666667,0,0,27.0,1,0,0,0,0,1,1.0,4,3,3.0,0.0,0.0,0.0,0.0,4.0,0.571,4,10,3,3,0,0,2,6,0,1.0,0,0,0.2915,0.36650000000000005,0.9165,1.283,5,6,2.75,2,1,0,0,0,4,4.0,1,2,1.333,2.6,0.667,2.267,0.0,1.0,0.25
92,8,17,4,5,0,0,2,4,1,2.0,1,0,0.3016666666666667,0.361,0.7776666666666666,1.1386666666666667,0,0,27.0,1,0,0,0,0,1,1.0,4,3,3.0,0.0,0.0,0.0,0.0,4.0,0.571,6,14,2,3,0,0,1,4,1,2.0,0,0,0.25,0.26666666666666666,0.5,0.7666666666666666,0,0,45.0,3,0,0,0,0,0,0.4,4,5,5.0,0.0,0.0,5.0,0.0,7.5,0.7223333333333333
93,8,17,4,5,0,0,2,4,1,2.0,1,0,0.3016666666666667,0.361,0.7776666666666666,1.1386666666666667,0,0,27.0,1,0,0,0,0,1,1.0,4,3,3.0,0.0,0.0,0.0,0.0,4.0,0.571,15,30,4,12,3,0,4,14,3,7.0,1,0,0.41425,0.47024999999999995,0.931,1.40125,2,5,1.0,3,0,0,0,1,0,1.0,0,0,0.6,0.667,0.6,1.267,0.0,,
94,8,17,4,5,0,0,2,4,1,2.0,1,0,0.3016666666666667,0.361,0.7776666666666666,1.1386666666666667,0,0,27.0,1,0,0,0,0,1,1.0,4,3,3.0,0.0,0.0,0.0,0.0,4.0,0.571,8,17,3,5,0,0,3,8,0,6.0,1,0,0.268,0.30974999999999997,0.58925,0.899,0,0,0.0,3,0,0,0,0,1,1.2,2,0,0.0,0.0,0.0,2.0,0.0,2.6666666666666665,0.25
95,8,17,4,5,0,0,2,4,1,2.0,1,0,0.3016666666666667,0.361,0.7776666666666666,1.1386666666666667,0,0,27.0,1,0,0,0,0,1,1.0,4,3,3.0,0.0,0.0,0.0,0.0,4.0,0.571,5,11,1,3,0,0,1,1,0,2.0,0,0,0.3,0.3,0.6,0.9,0,1,36.0,1,0,0,0,0,0,1.0,5,4,4.0,0.0,0.0,1.0,0.0,6.0,0.625
96,8,17,4,5,0,0,2,4,1,2.0,1,0,0.3016666666666667,0.361,0.7776666666666666,1.1386666666666667,0,0,27.0,1,0,0,0,0,1,1.0,4,3,3.0,0.0,0.0,0.0,0.0,4.0,0.571,8,18,5,6,0,0,3,7,0,5.0,1,0,0.35000000000000003,0.35000000000000003,0.9375,1.2874999999999999,1,2,4.5,1,0,0,0,0,0,2.0,1,1,1.0,0.0,0.0,1.0,0.0,2.0,0.25
97,8,17,4,5,0,0,2,4,1,2.0,1,0,0.3016666666666667,0.361,0.7776666666666666,1.1386666666666667,0,0,27.0,1,0,0,0,0,1,1.0,4,3,3.0,0.0,0.0,0.0,0.0,4.0,0.571,10,18,5,9,2,0,3,4,4,6.0,0,0,0.52075,0.61825,1.14575,1.764,0,0,0.0,1,0,0,0,0,0,0.1,1,0,0.0,0.0,0.0,0.0,0.0,3.0,0.5
98,8,17,4,5,0,0,2,4,1,2.0,1,0,0.3016666666666667,0.361,0.7776666666666666,1.1386666666666667,0,0,27.0,1,0,0,0,0,1,1.0,4,3,3.0,0.0,0.0,0.0,0.0,4.0,0.571,4,5,2,3,0,0,2,3,0,0.0,0,0,0.6665,0.6665,1.9165,2.583,1,0,0.0,0,0,0,0,0,0,0.0,0,0,0.0,0.0,0.0,0.0,0.0,,
99,8,17,4,5,0,0,2,4,1,2.0,1,0,0.3016666666666667,0.361,0.7776666666666666,1.1386666666666667,0,0,27.0,1,0,0,0,0,1,1.0,4,3,3.0,0.0,0.0,0.0,0.0,4.0,0.571,3,7,2,2,0,0,2,6,0,2.0,0,0,0.2,0.2,0.8,1.0,2,4,0.5,1,1,0,0,1,0,1.0,0,0,0.5,0.5,1.0,1.5,0.0,,
100,8,17,4,5,0,0,2,4,1,2.0,1,0,0.3016666666666667,0.361,0.7776666666666666,1.1386666666666667,0,0,27.0,1,0,0,0,0,1,1.0,4,3,3.0,0.0,0.0,0.0,0.0,4.0,0.571,4,8,3,3,1,0,1,2,2,1.0,0,0,0.2145,0.278,0.5,0.778,1,0,0.0,2,1,0,0,0,0,2.0,0,0,0.0,0.0,0.0,0.0,0.0,0.0,0.0
101,8,17,4,5,0,0,2,4,1,2.0,1,0,0.3016666666666667,0.361,0.7776666666666666,1.1386666666666667,0,0,27.0,1,0,0,0,0,1,1.0,4,3,3.0,0.0,0.0,0.0,0.0,4.0,0.571,10,17,10,7,1,0,4,11,2,6.0,0,0,0.40825,0.525,1.19575,1.72075,0,0,9.0,4,1,0,0,0,1,3.3,10,8,5.0,0.0,0.0,2.0,0.0,3.1875,0.43125
102,8,17,4,5,0,0,2,4,1,2.0,1,0,0.3016666666666667,0.361,0.7776666666666666,1.1386666666666667,0,0,27.0,1,0,0,0,0,1,1.0,4,3,3.0,0.0,0.0,0.0,0.0,4.0,0.571,11,16,4,5,0,0,2,3,1,5.0,0,0,0.2072,0.2372,0.44279999999999997,0.6799999999999999,4,7,0.5,1,0,0,0,0,1,0.0,0,0,0.143,1.143,0.143,1.286,0.0,,
103,8,17,4,5,0,0,2,4,1,2.0,1,0,0.3016666666666667,0.361,0.7776666666666666,1.1386666666666667,0,0,27.0,1,0,0,0,0,1,1.0,4,3,3.0,0.0,0.0,0.0,0.0,4.0,0.571,3,4,2,2,1,0,1,1,2,1.0,0,0,0.5,0.667,1.5,2.167,1,1,0.0,2,0,0,0,0,0,1.2,0,0,0.0,0.0,0.0,0.0,0.0,0.0,0.0
104,8,17,4,5,0,0,2,4,1,2.0,1,0,0.3016666666666667,0.361,0.7776666666666666,1.1386666666666667,0,0,27.0,1,0,0,0,0,1,1.0,4,3,3.0,0.0,0.0,0.0,0.0,4.0,0.571,3,7,3,4,2,0,1,5,0,1.0,1,0,0.571,0.571,1.286,1.857,1,2,0.0,1,0,0,0,1,1,1.0,0,0,0.0,0.0,1.0,0.0,0.0,0.0,0.0
105,21,45,13,18,3,1,3,13,2,11.0,2,2,0.4168333333333334,0.43100000000000005,0.75,1.181,4,7,1.0,2,0,0,0,1,3,2.0,0,0,0.143,0.333,0.143,0.476,0.0,0.0,0.0,12,21,5,6,0,1,3,6,0,4.0,0,0,0.27216666666666667,0.27216666666666667,0.7054999999999999,0.9776666666666666,1,0,0.0,0,0,0,0,0,0,0.0,0,0,0.0,0.0,0.0,0.0,0.0,,
106,21,45,13,18,3,1,3,13,2,11.0,2,2,0.4168333333333334,0.43100000000000005,0.75,1.181,4,7,1.0,2,0,0,0,1,3,2.0,0,0,0.143,0.333,0.143,0.476,0.0,0.0,0.0,7,10,5,3,0,0,3,4,3,2.0,1,0,0.33325,0.4375,1.33325,1.77075,1,2,0.0,2,0,0,0,1,1,4.0,1,0,0.0,0.333,0.0,0.333,0.0,0.5,0.1665
107,21,45,13,18,3,1,3,13,2,11.0,2,2,0.4168333333333334,0.43100000000000005,0.75,1.181,4,7,1.0,2,0,0,0,1,3,2.0,0,0,0.143,0.333,0.143,0.476,0.0,0.0,0.0,11,19,3,5,2,0,1,5,1,4.0,3,0,0.13125,0.16925,0.25625,0.4255,0,0,0.0,5,0,0,0,0,0,4.1,3,0,0.0,0.0,0.0,3.0,0.0,1.6666666666666667,0.19766666666666666
108,21,45,13,18,3,1,3,13,2,11.0,2,2,0.4168333333333334,0.43100000000000005,0.75,1.181,4,7,1.0,2,0,0,0,1,3,2.0,0,0,0.143,0.333,0.143,0.476,0.0,0.0,0.0,5,8,2,2,0,0,2,3,2,3.0,0,0,0.25,0.3333333333333333,1.0,1.3333333333333333,1,2,0.0,0,0,0,0,0,0,0.0,0,0,0.0,0.0,0.0,0.0,0.0,,
109,21,45,13,18,3,1,3,13,2,11.0,2,2,0.4168333333333334,0.43100000000000005,0.75,1.181,4,7,1.0,2,0,0,0,1,3,2.0,0,0,0.143,0.333,0.143,0.476,0.0,0.0,0.0,4,10,3,3,0,0,2,6,0,1.0,0,0,0.2915,0.36650000000000005,0.9165,1.283,5,6,2.75,2,1,0,0,0,4,4.0,1,2,1.333,2.6,0.667,2.267,0.0,1.0,0.25
110,21,45,13,18,3,1,3,13,2,11.0,2,2,0.4168333333333334,0.43100000000000005,0.75,1.181,4,7,1.0,2,0,0,0,1,3,2.0,0,0,0.143,0.333,0.143,0.476,0.0,0.0,0.0,6,14,2,3,0,0,1,4,1,2.0,0,0,0.25,0.26666666666666666,0.5,0.7666666666666666,0,0,45.0,3,0,0,0,0,0,0.4,4,5,5.0,0.0,0.0,5.0,0.0,7.5,0.7223333333333333
111,21,45,13,18,3,1,3,13,2,11.0,2,2,0.4168333333333334,0.43100000000000005,0.75,1.181,4,7,1.0,2,0,0,0,1,3,2.0,0,0,0.143,0.333,0.143,0.476,0.0,0.0,0.0,15,30,4,12,3,0,4,14,3,7.0,1,0,0.41425,0.47024999999999995,0.931,1.40125,2,5,1.0,3,0,0,0,1,0,1.0,0,0,0.6,0.667,0.6,1.267,0.0,,
112,21,45,13,18,3,1,3,13,2,11.0,2,2,0.4168333333333334,0.43100000000000005,0.75,1.181,4,7,1.0,2,0,0,0,1,3,2.0,0,0,0.143,0.333,0.143,0.476,0.0,0.0,0.0,8,17,3,5,0,0,3,8,0,6.0,1,0,0.268,0.30974999999999997,0.58925,0.899,0,0,0.0,3,0,0,0,0,1,1.2,2,0,0.0,0.0,0.0,2.0,0.0,2.6666666666666665,0.25
113,21,45,13,18,3,1,3,13,2,11.0,2,2,0.4168333333333334,0.43100000000000005,0.75,1.181,4,7,1.0,2,0,0,0,1,3,2.0,0,0,0.143,0.333,0.143,0.476,0.0,0.0,0.0,5,11,1,3,0,0,1,1,0,2.0,0,0,0.3,0.3,0.6,0.9,0,1,36.0,1,0,0,0,0,0,1.0,5,4,4.0,0.0,0.0,1.0,0.0,6.0,0.625
114,21,45,13,18,3,1,3,13,2,11.0,2,2,0.4168333333333334,0.43100000000000005,0.75,1.181,4,7,1.0,2,0,0,0,1,3,2.0,0,0,0.143,0.333,0.143,0.476,0.0,0.0,0.0,8,18,5,6,0,0,3,7,0,5.0,1,0,0.35000000000000003,0.35000000000000003,0.9375,1.2874999999999999,1,2,4.5,1,0,0,0,0,0,2.0,1,1,1.0,0.0,0.0,1.0,0.0,2.0,0.25
115,21,45,13,18,3,1,3,13,2,11.0,2,2,0.4168333333333334,0.43100000000000005,0.75,1.181,4,7,1.0,2,0,0,0,1,3,2.0,0,0,0.143,0.333,0.143,0.476,0.0,0.0,0.0,10,18,5,9,2,0,3,4,4,6.0,0,0,0.52075,0.61825,1.14575,1.764,0,0,0.0,1,0,0,0,0,0,0.1,1,0,0.0,0.0,0.0,0.0,0.0,3.0,0.5
116,21,45,13,18,3,1,3,13,2,11.0,2,2,0.4168333333333334,0.43100000000000005,0.75,1.181,4,7,1.0,2,0,0,0,1,3,2.0,0,0,0.143,0.333,0.143,0.476,0.0,0.0,0.0,4,5,2,3,0,0,2,3,0,0.0,0,0,0.6665,0.6665,1.9165,2.583,1,0,0.0,0,0,0,0,0,0,0.0,0,0,0.0,0.0,0.0,0.0,0.0,,
117,21,45,13,18,3,1,3,13,2,11.0,2,2,0.4168333333333334,0.43100000000000005,0.75,1.181,4,7,1.0,2,0,0,0,1,3,2.0,0,0,0.143,0.333,0.143,0.476,0.0,0.0,0.0,3,7,2,2,0,0,2,6,0,2.0,0,0,0.2,0.2,0.8,1.0,2,4,0.5,1,1,0,0,1,0,1.0,0,0,0.5,0.5,1.0,1.5,0.0,,
118,21,45,13,18,3,1,3,13,2,11.0,2,2,0.4168333333333334,0.43100000000000005,0.75,1.181,4,7,1.0,2,0,0,0,1,3,2.0,0,0,0.143,0.333,0.143,0.476,0.0,0.0,0.0,4,8,3,3,1,0,1,2,2,1.0,0,0,0.2145,0.278,0.5,0.778,1,0,0.0,2,1,0,0,0,0,2.0,0,0,0.0,0.0,0.0,0.0,0.0,0.0,0.0
119,21,45,13,18,3,1,3,13,2,11.0,2,2,0.4168333333333334,0.43100000000000005,0.75,1.181,4,7,1.0,2,0,0,0,1,3,2.0,0,0,0.143,0.333,0.143,0.476,0.0,0.0,0.0,10,17,10,7,1,0,4,11,2,6.0,0,0,0.40825,0.525,1.19575,1.72075,0,0,9.0,4,1,0,0,0,1,3.3,10,8,5.0,0.0,0.0,2.0,0.0,3.1875,0.43125
120,21,45,13,18,3,1,3,13,2,11.0,2,2,0.4168333333333334,0.43100000000000005,0.75,1.181,4,7,1.0,2,0,0,0,1,3,2.0,0,0,0.143,0.333,0.143,0.476,0.0,0.0,0.0,11,16,4,5,0,0,2,3,1,5.0,0,0,0.2072,0.2372,0.44279999999999997,0.6799999999999999,4,7,0.5,1,0,0,0,0,1,0.0,0,0,0.143,1.143,0.143,1.286,0.0,,
121,21,45,13,18,3,1,3,13,2,11.0,2,2,0.4168333333333334,0.43100000000000005,0.75,1.181,4,7,1.0,2,0,0,0,1,3,2.0,0,0,0.143,0.333,0.143,0.476,0.0,0.0,0.0,3,4,2,2,1,0,1,1,2,1.0,0,0,0.5,0.667,1.5,2.167,1,1,0.0,2,0,0,0,0,0,1.2,0,0,0.0,0.0,0.0,0.0,0.0,0.0,0.0
122,21,45,13,18,3,1,3,13,2,11.0,2,2,0.4168333333333334,0.43100000000000005,0.75,1.181,4,7,1.0,2,0,0,0,1,3,2.0,0,0,0.143,0.333,0.143,0.476,0.0,0.0,0.0,3,7,3,4,2,0,1,5,0,1.0,1,0,0.571,0.571,1.286,1.857,1,2,0.0,1,0,0,0,1,1,1.0,0,0,0.0,0.0,1.0,0.0,0.0,0.0,0.0
123,12,21,5,6,0,1,3,6,0,4.0,0,0,0.27216666666666667,0.27216666666666667,0.7054999999999999,0.9776666666666666,1,0,0.0,0,0,0,0,0,0,0.0,0,0,0.0,0.0,0.0,0.0,0.0,,,7,10,5,3,0,0,3,4,3,2.0,1,0,0.33325,0.4375,1.33325,1.77075,1,2,0.0,2,0,0,0,1,1,4.0,1,0,0.0,0.333,0.0,0.333,0.0,0.5,0.1665
124,12,21,5,6,0,1,3,6,0,4.0,0,0,0.27216666666666667,0.27216666666666667,0.7054999999999999,0.9776666666666666,1,0,0.0,0,0,0,0,0,0,0.0,0,0,0.0,0.0,0.0,0.0,0.0,,,11,19,3,5,2,0,1,5,1,4.0,3,0,0.13125,0.16925,0.25625,0.4255,0,0,0.0,5,0,0,0,0,0,4.1,3,0,0.0,0.0,0.0,3.0,0.0,1.6666666666666667,0.19766666666666666
125,12,21,5,6,0,1,3,6,0,4.0,0,0,0.27216666666666667,0.27216666666666667,0.7054999999999999,0.9776666666666666,1,0,0.0,0,0,0,0,0,0,0.0,0,0,0.0,0.0,0.0,0.0,0.0,,,5,8,2,2,0,0,2,3,2,3.0,0,0,0.25,0.3333333333333333,1.0,1.3333333333333333,1,2,0.0,0,0,0,0,0,0,0.0,0,0,0.0,0.0,0.0,0.0,0.0,,
126,12,21,5,6,0,1,3,6,0,4.0,0,0,0.27216666666666667,0.27216666666666667,0.7054999999999999,0.9776666666666666,1,0,0.0,0,0,0,0,0,0,0.0,0,0,0.0,0.0,0.0,0.0,0.0,,,4,10,3,3,0,0,2,6,0,1.0,0,0,0.2915,0.36650000000000005,0.9165,1.283,5,6,2.75,2,1,0,0,0,4,4.0,1,2,1.333,2.6,0.667,2.267,0.0,1.0,0.25
127,12,21,5,6,0,1,3,6,0,4.0,0,0,0.27216666666666667,0.27216666666666667,0.7054999999999999,0.9776666666666666,1,0,0.0,0,0,0,0,0,0,0.0,0,0,0.0,0.0,0.0,0.0,0.0,,,6,14,2,3,0,0,1,4,1,2.0,0,0,0.25,0.26666666666666666,0.5,0.7666666666666666,0,0,45.0,3,0,0,0,0,0,0.4,4,5,5.0,0.0,0.0,5.0,0.0,7.5,0.7223333333333333
128,12,21,5,6,0,1,3,6,0,4.0,0,0,0.27216666666666667,0.27216666666666667,0.7054999999999999,0.9776666666666666,1,0,0.0,0,0,0,0,0,0,0.0,0,0,0.0,0.0,0.0,0.0,0.0,,,15,30,4,12,3,0,4,14,3,7.0,1,0,0.41425,0.47024999999999995,0.931,1.40125,2,5,1.0,3,0,0,0,1,0,1.0,0,0,0.6,0.667,0.6,1.267,0.0,,
129,12,21,5,6,0,1,3,6,0,4.0,0,0,0.27216666666666667,0.27216666666666667,0.7054999999999999,0.9776666666666666,1,0,0.0,0,0,0,0,0,0,0.0,0,0,0.0,0.0,0.0,0.0,0.0,,,8,17,3,5,0,0,3,8,0,6.0,1,0,0.268,0.30974999999999997,0.58925,0.899,0,0,0.0,3,0,0,0,0,1,1.2,2,0,0.0,0.0,0.0,2.0,0.0,2.6666666666666665,0.25
130,12,21,5,6,0,1,3,6,0,4.0,0,0,0.27216666666666667,0.27216666666666667,0.7054999999999999,0.9776666666666666,1,0,0.0,0,0,0,0,0,0,0.0,0,0,0.0,0.0,0.0,0.0,0.0,,,5,11,1,3,0,0,1,1,0,2.0,0,0,0.3,0.3,0.6,0.9,0,1,36.0,1,0,0,0,0,0,1.0,5,4,4.0,0.0,0.0,1.0,0.0,6.0,0.625
131,12,21,5,6,0,1,3,6,0,4.0,0,0,0.27216666666666667,0.27216666666666667,0.7054999999999999,0.9776666666666666,1,0,0.0,0,0,0,0,0,0,0.0,0,0,0.0,0.0,0.0,0.0,0.0,,,8,18,5,6,0,0,3,7,0,5.0,1,0,0.35000000000000003,0.35000000000000003,0.9375,1.2874999999999999,1,2,4.5,1,0,0,0,0,0,2.0,1,1,1.0,0.0,0.0,1.0,0.0,2.0,0.25
132,12,21,5,6,0,1,3,6,0,4.0,0,0,0.27216666666666667,0.27216666666666667,0.7054999999999999,0.9776666666666666,1,0,0.0,0,0,0,0,0,0,0.0,0,0,0.0,0.0,0.0,0.0,0.0,,,10,18,5,9,2,0,3,4,4,6.0,0,0,0.52075,0.61825,1.14575,1.764,0,0,0.0,1,0,0,0,0,0,0.1,1,0,0.0,0.0,0.0,0.0,0.0,3.0,0.5
133,12,21,5,6,0,1,3,6,0,4.0,0,0,0.27216666666666667,0.27216666666666667,0.7054999999999999,0.9776666666666666,1,0,0.0,0,0,0,0,0,0,0.0,0,0,0.0,0.0,0.0,0.0,0.0,,,4,5,2,3,0,0,2,3,0,0.0,0,0,0.6665,0.6665,1.9165,2.583,1,0,0.0,0,0,0,0,0,0,0.0,0,0,0.0,0.0,0.0,0.0,0.0,,
134,12,21,5,6,0,1,3,6,0,4.0,0,0,0.27216666666666667,0.27216666666666667,0.7054999999999999,0.9776666666666666,1,0,0.0,0,0,0,0,0,0,0.0,0,0,0.0,0.0,0.0,0.0,0.0,,,3,7,2,2,0,0,2,6,0,2.0,0,0,0.2,0.2,0.8,1.0,2,4,0.5,1,1,0,0,1,0,1.0,0,0,0.5,0.5,1.0,1.5,0.0,,
135,12,21,5,6,0,1,3,6,0,4.0,0,0,0.27216666666666667,0.27216666666666667,0.7054999999999999,0.9776666666666666,1,0,0.0,0,0,0,0,0,0,0.0,0,0,0.0,0.0,0.0,0.0,0.0,,,4,8,3,3,1,0,1,2,2,1.0,0,0,0.2145,0.278,0.5,0.778,1,0,0.0,2,1,0,0,0,0,2.0,0,0,0.0,0.0,0.0,0.0,0.0,0.0,0.0
136,12,21,5,6,0,1,3,6,0,4.0,0,0,0.27216666666666667,0.27216666666666667,0.7054999999999999,0.9776666666666666,1,0,0.0,0,0,0,0,0,0,0.0,0,0,0.0,0.0,0.0,0.0,0.0,,,10,17,10,7,1,0,4,11,2,6.0,0,0,0.40825,0.525,1.19575,1.72075,0,0,9.0,4,1,0,0,0,1,3.3,10,8,5.0,0.0,0.0,2.0,0.0,3.1875,0.43125
137,12,21,5,6,0,1,3,6,0,4.0,0,0,0.27216666666666667,0.27216666666666667,0.7054999999999999,0.9776666666666666,1,0,0.0,0,0,0,0,0,0,0.0,0,0,0.0,0.0,0.0,0.0,0.0,,,11,16,4,5,0,0,2,3,1,5.0,0,0,0.2072,0.2372,0.44279999999999997,0.6799999999999999,4,7,0.5,1,0,0,0,0,1,0.0,0,0,0.143,1.143,0.143,1.286,0.0,,
138,12,21,5,6,0,1,3,6,0,4.0,0,0,0.27216666666666667,0.27216666666666667,0.7054999999999999,0.9776666666666666,1,0,0.0,0,0,0,0,0,0,0.0,0,0,0.0,0.0,0.0,0.0,0.0,,,3,4,2,2,1,0,1,1,2,1.0,0,0,0.5,0.667,1.5,2.167,1,1,0.0,2,0,0,0,0,0,1.2,0,0,0.0,0.0,0.0,0.0,0.0,0.0,0.0
139,12,21,5,6,0,1,3,6,0,4.0,0,0,0.27216666666666667,0.27216666666666667,0.7054999999999999,0.9776666666666666,1,0,0.0,0,0,0,0,0,0,0.0,0,0,0.0,0.0,0.0,0.0,0.0,,,3,7,3,4,2,0,1,5,0,1.0,1,0,0.571,0.571,1.286,1.857,1,2,0.0,1,0,0,0,1,1,1.0,0,0,0.0,0.0,1.0,0.0,0.0,0.0,0.0
140,7,10,5,3,0,0,3,4,3,2.0,1,0,0.33325,0.4375,1.33325,1.77075,1,2,0.0,2,0,0,0,1,1,4.0,1,0,0.0,0.333,0.0,0.333,0.0,0.5,0.1665,11,19,3,5,2,0,1,5,1,4.0,3,0,0.13125,0.16925,0.25625,0.4255,0,0,0.0,5,0,0,0,0,0,4.1,3,0,0.0,0.0,0.0,3.0,0.0,1.6666666666666667,0.19766666666666666
141,7,10,5,3,0,0,3,4,3,2.0,1,0,0.33325,0.4375,1.33325,1.77075,1,2,0.0,2,0,0,0,1,1,4.0,1,0,0.0,0.333,0.0,0.333,0.0,0.5,0.1665,5,8,2,2,0,0,2,3,2,3.0,0,0,0.25,0.3333333333333333,1.0,1.3333333333333333,1,2,0.0,0,0,0,0,0,0,0.0,0,0,0.0,0.0,0.0,0.0,0.0,,
142,7,10,5,3,0,0,3,4,3,2.0,1,0,0.33325,0.4375,1.33325,1.77075,1,2,0.0,2,0,0,0,1,1,4.0,1,0,0.0,0.333,0.0,0.333,0.0,0.5,0.1665,4,10,3,3,0,0,2,6,0,1.0,0,0,0.2915,0.36650000000000005,0.9165,1.283,5,6,2.75,2,1,0,0,0,4,4.0,1,2,1.333,2.6,0.667,2.267,0.0,1.0,0.25
143,7,10,5,3,0,0,3,4,3,2.0,1,0,0.33325,0.4375,1.33325,1.77075,1,2,0.0,2,0,0,0,1,1,4.0,1,0,0.0,0.333,0.0,0.333,0.0,0.5,0.1665,6,14,2,3,0,0,1,4,1,2.0,0,0,0.25,0.26666666666666666,0.5,0.7666666666666666,0,0,45.0,3,0,0,0,0,0,0.4,4,5,5.0,0.0,0.0,5.0,0.0,7.5,0.7223333333333333
144,7,10,5,3,0,0,3,4,3,2.0,1,0,0.33325,0.4375,1.33325,1.77075,1,2,0.0,2,0,0,0,1,1,4.0,1,0,0.0,0.333,0.0,0.333,0.0,0.5,0.1665,15,30,4,12,3,0,4,14,3,7.0,1,0,0.41425,0.47024999999999995,0.931,1.40125,2,5,1.0,3,0,0,0,1,0,1.0,0,0,0.6,0.667,0.6,1.267,0.0,,
145,7,10,5,3,0,0,3,4,3,2.0,1,0,0.33325,0.4375,1.33325,1.77075,1,2,0.0,2,0,0,0,1,1,4.0,1,0,0.0,0.333,0.0,0.333,0.0,0.5,0.1665,8,17,3,5,0,0,3,8,0,6.0,1,0,0.268,0.30974999999999997,0.58925,0.899,0,0,0.0,3,0,0,0,0,1,1.2,2,0,0.0,0.0,0.0,2.0,0.0,2.6666666666666665,0.25
146,7,10,5,3,0,0,3,4,3,2.0,1,0,0.33325,0.4375,1.33325,1.77075,1,2,0.0,2,0,0,0,1,1,4.0,1,0,0.0,0.333,0.0,0.333,0.0,0.5,0.1665,5,11,1,3,0,0,1,1,0,2.0,0,0,0.3,0.3,0.6,0.9,0,1,36.0,1,0,0,0,0,0,1.0,5,4,4.0,0.0,0.0,1.0,0.0,6.0,0.625
147,7,10,5,3,0,0,3,4,3,2.0,1,0,0.33325,0.4375,1.33325,1.77075,1,2,0.0,2,0,0,0,1,1,4.0,1,0,0.0,0.333,0.0,0.333,0.0,0.5,0.1665,8,18,5,6,0,0,3,7,0,5.0,1,0,0.35000000000000003,0.35000000000000003,0.9375,1.2874999999999999,1,2,4.5,1,0,0,0,0,0,2.0,1,1,1.0,0.0,0.0,1.0,0.0,2.0,0.25
148,7,10,5,3,0,0,3,4,3,2.0,1,0,0.33325,0.4375,1.33325,1.77075,1,2,0.0,2,0,0,0,1,1,4.0,1,0,0.0,0.333,0.0,0.333,0.0,0.5,0.1665,10,18,5,9,2,0,3,4,4,6.0,0,0,0.52075,0.61825,1.14575,1.764,0,0,0.0,1,0,0,0,0,0,0.1,1,0,0.0,0.0,0.0,0.0,0.0,3.0,0.5
149,7,10,5,3,0,0,3,4,3,2.0,1,0,0.33325,0.4375,1.33325,1.77075,1,2,0.0,2,0,0,0,1,1,4.0,1,0,0.0,0.333,0.0,0.333,0.0,0.5,0.1665,4,5,2,3,0,0,2,3,0,0.0,0,0,0.6665,0.6665,1.9165,2.583,1,0,0.0,0,0,0,0,0,0,0.0,0,0,0.0,0.0,0.0,0.0,0.0,,
150,7,10,5,3,0,0,3,4,3,2.0,1,0,0.33325,0.4375,1.33325,1.77075,1,2,0.0,2,0,0,0,1,1,4.0,1,0,0.0,0.333,0.0,0.333,0.0,0.5,0.1665,3,7,2,2,0,0,2,6,0,2.0,0,0,0.2,0.2,0.8,1.0,2,4,0.5,1,1,0,0,1,0,1.0,0,0,0.5,0.5,1.0,1.5,0.0,,
151,7,10,5,3,0,0,3,4,3,2.0,1,0,0.33325,0.4375,1.33325,1.77075,1,2,0.0,2,0,0,0,1,1,4.0,1,0,0.0,0.333,0.0,0.333,0.0,0.5,0.1665,4,8,3,3,1,0,1,2,2,1.0,0,0,0.2145,0.278,0.5,0.778,1,0,0.0,2,1,0,0,0,0,2.0,0,0,0.0,0.0,0.0,0.0,0.0,0.0,0.0
152,7,10,5,3,0,0,3,4,3,2.0,1,0,0.33325,0.4375,1.33325,1.77075,1,2,0.0,2,0,0,0,1,1,4.0,1,0,0.0,0.333,0.0,0.333,0.0,0.5,0.1665,10,17,10,7,1,0,4,11,2,6.0,0,0,0.40825,0.525,1.19575,1.72075,0,0,9.0,4,1,0,0,0,1,3.3,10,8,5.0,0.0,0.0,2.0,0.0,3.1875,0.43125
153,7,10,5,3,0,0,3,4,3,2.0,1,0,0.33325,0.4375,1.33325,1.77075,1,2,0.0,2,0,0,0,1,1,4.0,1,0,0.0,0.333,0.0,0.333,0.0,0.5,0.1665,11,16,4,5,0,0,2,3,1,5.0,0,0,0.2072,0.2372,0.44279999999999997,0.6799999999999999,4,7,0.5,1,0,0,0,0,1,0.0,0,0,0.143,1.143,0.143,1.286,0.0,,
154,7,10,5,3,0,0,3,4,3,2.0,1,0,0.33325,0.4375,1.33325,1.77075,1,2,0.0,2,0,0,0,1,1,4.0,1,0,0.0,0.333,0.0,0.333,0.0,0.5,0.1665,3,4,2,2,1,0,1,1,2,1.0,0,0,0.5,0.667,1.5,2.167,1,1,0.0,2,0,0,0,0,0,1.2,0,0,0.0,0.0,0.0,0.0,0.0,0.0,0.0
155,7,10,5,3,0,0,3,4,3,2.0,1,0,0.33325,0.4375,1.33325,1.77075,1,2,0.0,2,0,0,0,1,1,4.0,1,0,0.0,0.333,0.0,0.333,0.0,0.5,0.1665,3,7,3,4,2,0,1,5,0,1.0,1,0,0.571,0.571,1.286,1.857,1,2,0.0,1,0,0,0,1,1,1.0,0,0,0.0,0.0,1.0,0.0,0.0,0.0,0.0
156,11,19,3,5,2,0,1,5,1,4.0,3,0,0.13125,0.16925,0.25625,0.4255,0,0,0.0,5,0,0,0,0,0,4.1,3,0,0.0,0.0,0.0,3.0,0.0,1.6666666666666667,0.19766666666666666,5,8,2,2,0,0,2,3,2,3.0,0,0,0.25,0.3333333333333333,1.0,1.3333333333333333,1,2,0.0,0,0,0,0,0,0,0.0,0,0,0.0,0.0,0.0,0.0,0.0,,
157,11,19,3,5,2,0,1,5,1,4.0,3,0,0.13125,0.16925,0.25625,0.4255,0,0,0.0,5,0,0,0,0,0,4.1,3,0,0.0,0.0,0.0,3.0,0.0,1.6666666666666667,0.19766666666666666,4,10,3,3,0,0,2,6,0,1.0,0,0,0.2915,0.36650000000000005,0.9165,1.283,5,6,2.75,2,1,0,0,0,4,4.0,1,2,1.333,2.6,0.667,2.267,0.0,1.0,0.25
158,11,19,3,5,2,0,1,5,1,4.0,3,0,0.13125,0.16925,0.25625,0.4255,0,0,0.0,5,0,0,0,0,0,4.1,3,0,0.0,0.0,0.0,3.0,0.0,1.6666666666666667,0.19766666666666666,6,14,2,3,0,0,1,4,1,2.0,0,0,0.25,0.26666666666666666,0.5,0.7666666666666666,0,0,45.0,3,0,0,0,0,0,0.4,4,5,5.0,0.0,0.0,5.0,0.0,7.5,0.7223333333333333
159,11,19,3,5,2,0,1,5,1,4.0,3,0,0.13125,0.16925,0.25625,0.4255,0,0,0.0,5,0,0,0,0,0,4.1,3,0,0.0,0.0,0.0,3.0,0.0,1.6666666666666667,0.19766666666666666,15,30,4,12,3,0,4,14,3,7.0,1,0,0.41425,0.47024999999999995,0.931,1.40125,2,5,1.0,3,0,0,0,1,0,1.0,0,0,0.6,0.667,0.6,1.267,0.0,,
160,11,19,3,5,2,0,1,5,1,4.0,3,0,0.13125,0.16925,0.25625,0.4255,0,0,0.0,5,0,0,0,0,0,4.1,3,0,0.0,0.0,0.0,3.0,0.0,1.6666666666666667,0.19766666666666666,8,17,3,5,0,0,3,8,0,6.0,1,0,0.268,0.30974999999999997,0.58925,0.899,0,0,0.0,3,0,0,0,0,1,1.2,2,0,0.0,0.0,0.0,2.0,0.0,2.6666666666666665,0.25
161,11,19,3,5,2,0,1,5,1,4.0,3,0,0.13125,0.16925,0.25625,0.4255,0,0,0.0,5,0,0,0,0,0,4.1,3,0,0.0,0.0,0.0,3.0,0.0,1.6666666666666667,0.19766666666666666,5,11,1,3,0,0,1,1,0,2.0,0,0,0.3,0.3,0.6,0.9,0,1,36.0,1,0,0,0,0,0,1.0,5,4,4.0,0.0,0.0,1.0,0.0,6.0,0.625
162,11,19,3,5,2,0,1,5,1,4.0,3,0,0.13125,0.16925,0.25625,0.4255,0,0,0.0,5,0,0,0,0,0,4.1,3,0,0.0,0.0,0.0,3.0,0.0,1.6666666666666667,0.19766666666666666,8,18,5,6,0,0,3,7,0,5.0,1,0,0.35000000000000003,0.35000000000000003,0.9375,1.2874999999999999,1,2,4.5,1,0,0,0,0,0,2.0,1,1,1.0,0.0,0.0,1.0,0.0,2.0,0.25
163,11,19,3,5,2,0,1,5,1,4.0,3,0,0.13125,0.16925,0.25625,0.4255,0,0,0.0,5,0,0,0,0,0,4.1,3,0,0.0,0.0,0.0,3.0,0.0,1.6666666666666667,0.19766666666666666,10,18,5,9,2,0,3,4,4,6.0,0,0,0.52075,0.61825,1.14575,1.764,0,0,0.0,1,0,0,0,0,0,0.1,1,0,0.0,0.0,0.0,0.0,0.0,3.0,0.5
164,11,19,3,5,2,0,1,5,1,4.0,3,0,0.13125,0.16925,0.25625,0.4255,0,0,0.0,5,0,0,0,0,0,4.1,3,0,0.0,0.0,0.0,3.0,0.0,1.6666666666666667,0.19766666666666666,4,5,2,3,0,0,2,3,0,0.0,0,0,0.6665,0.6665,1.9165,2.583,1,0,0.0,0,0,0,0,0,0,0.0,0,0,0.0,0.0,0.0,0.0,0.0,,
165,11,19,3,5,2,0,1,5,1,4.0,3,0,0.13125,0.16925,0.25625,0.4255,0,0,0.0,5,0,0,0,0,0,4.1,3,0,0.0,0.0,0.0,3.0,0.0,1.6666666666666667,0.19766666666666666,3,7,2,2,0,0,2,6,0,2.0,0,0,0.2,0.2,0.8,1.0,2,4,0.5,1,1,0,0,1,0,1.0,0,0,0.5,0.5,1.0,1.5,0.0,,
166,11,19,3,5,2,0,1,5,1,4.0,3,0,0.13125,0.16925,0.25625,0.4255,0,0,0.0,5,0,0,0,0,0,4.1,3,0,0.0,0.0,0.0,3.0,0.0,1.6666666666666667,0.19766666666666666,4,8,3,3,1,0,1,2,2,1.0,0,0,0.2145,0.278,0.5,0.778,1,0,0.0,2,1,0,0,0,0,2.0,0,0,0.0,0.0,0.0,0.0,0.0,0.0,0.0
167,11,19,3,5,2,0,1,5,1,4.0,3,0,0.13125,0.16925,0.25625,0.4255,0,0,0.0,5,0,0,0,0,0,4.1,3,0,0.0,0.0,0.0,3.0,0.0,1.6666666666666667,0.19766666666666666,10,17,10,7,1,0,4,11,2,6.0,0,0,0.40825,0.525,1.19575,1.72075,0,0,9.0,4,1,0,0,0,1,3.3,10,8,5.0,0.0,0.0,2.0,0.0,3.1875,0.43125
168,11,19,3,5,2,0,1,5,1,4.0,3,0,0.13125,0.16925,0.25625,0.4255,0,0,0.0,5,0,0,0,0,0,4.1,3,0,0.0,0.0,0.0,3.0,0.0,1.6666666666666667,0.19766666666666666,11,16,4,5,0,0,2,3,1,5.0,0,0,0.2072,0.2372,0.44279999999999997,0.6799999999999999,4,7,0.5,1,0,0,0,0,1,0.0,0,0,0.143,1.143,0.143,1.286,0.0,,
169,11,19,3,5,2,0,1,5,1,4.0,3,0,0.13125,0.16925,0.25625,0.4255,0,0,0.0,5,0,0,0,0,0,4.1,3,0,0.0,0.0,0.0,3.0,0.0,1.6666666666666667,0.19766666666666666,3,4,2,2,1,0,1,1,2,1.0,0,0,0.5,0.667,1.5,2.167,1,1,0.0,2,0,0,0,0,0,1.2,0,0,0.0,0.0,0.0,0.0,0.0,0.0,0.0
170,11,19,3,5,2,0,1,5,1,4.0,3,0,0.13125,0.16925,0.25625,0.4255,0,0,0.0,5,0,0,0,0,0,4.1,3,0,0.0,0.0,0.0,3.0,0.0,1.6666666666666667,0.19766666666666666,3,7,3,4,2,0,1,5,0,1.0,1,0,0.571,0.571,1.286,1.857,1,2,0.0,1,0,0,0,1,1,1.0,0,0,0.0,0.0,1.0,0.0,0.0,0.0,0.0
171,5,8,2,2,0,0,2,3,2,3.0,0,0,0.25,0.3333333333333333,1.0,1.3333333333333333,1,2,0.0,0,0,0,0,0,0,0.0,0,0,0.0,0.0,0.0,0.0,0.0,,,4,10,3,3,0,0,2,6,0,1.0,0,0,0.2915,0.36650000000000005,0.9165,1.283,5,6,2.75,2,1,0,0,0,4,4.0,1,2,1.333,2.6,0.667,2.267,0.0,1.0,0.25
172,5,8,2,2,0,0,2,3,2,3.0,0,0,0.25,0.3333333333333333,1.0,1.3333333333333333,1,2,0.0,0,0,0,0,0,0,0.0,0,0,0.0,0.0,0.0,0.0,0.0,,,6,14,2,3,0,0,1,4,1,2.0,0,0,0.25,0.26666666666666666,0.5,0.7666666666666666,0,0,45.0,3,0,0,0,0,0,0.4,4,5,5.0,0.0,0.0,5.0,0.0,7.5,0.7223333333333333
173,5,8,2,2,0,0,2,3,2,3.0,0,0,0.25,0.3333333333333333,1.0,1.3333333333333333,1,2,0.0,0,0,0,0,0,0,0.0,0,0,0.0,0.0,0.0,0.0,0.0,,,15,30,4,12,3,0,4,14,3,7.0,1,0,0.41425,0.47024999999999995,0.931,1.40125,2,5,1.0,3,0,0,0,1,0,1.0,0,0,0.6,0.667,0.6,1.267,0.0,,
174,5,8,2,2,0,0,2,3,2,3.0,0,0,0.25,0.3333333333333333,1.0,1.3333333333333333,1,2,0.0,0,0,0,0,0,0,0.0,0,0,0.0,0.0,0.0,0.0,0.0,,,8,17,3,5,0,0,3,8,0,6.0,1,0,0.268,0.30974999999999997,0.58925,0.899,0,0,0.0,3,0,0,0,0,1,1.2,2,0,0.0,0.0,0.0,2.0,0.0,2.6666666666666665,0.25
175,5,8,2,2,0,0,2,3,2,3.0,0,0,0.25,0.3333333333333333,1.0,1.3333333333333333,1,2,0.0,0,0,0,0,0,0,0.0,0,0,0.0,0.0,0.0,0.0,0.0,,,5,11,1,3,0,0,1,1,0,2.0,0,0,0.3,0.3,0.6,0.9,0,1,36.0,1,0,0,0,0,0,1.0,5,4,4.0,0.0,0.0,1.0,0.0,6.0,0.625
176,5,8,2,2,0,0,2,3,2,3.0,0,0,0.25,0.3333333333333333,1.0,1.3333333333333333,1,2,0.0,0,0,0,0,0,0,0.0,0,0,0.0,0.0,0.0,0.0,0.0,,,8,18,5,6,0,0,3,7,0,5.0,1,0,0.35000000000000003,0.35000000000000003,0.9375,1.2874999999999999,1,2,4.5,1,0,0,0,0,0,2.0,1,1,1.0,0.0,0.0,1.0,0.0,2.0,0.25
177,5,8,2,2,0,0,2,3,2,3.0,0,0,0.25,0.3333333333333333,1.0,1.3333333333333333,1,2,0.0,0,0,0,0,0,0,0.0,0,0,0.0,0.0,0.0,0.0,0.0,,,10,18,5,9,2,0,3,4,4,6.0,0,0,0.52075,0.61825,1.14575,1.764,0,0,0.0,1,0,0,0,0,0,0.1,1,0,0.0,0.0,0.0,0.0,0.0,3.0,0.5
178,5,8,2,2,0,0,2,3,2,3.0,0,0,0.25,0.3333333333333333,1.0,1.3333333333333333,1,2,0.0,0,0,0,0,0,0,0.0,0,0,0.0,0.0,0.0,0.0,0.0,,,4,5,2,3,0,0,2,3,0,0.0,0,0,0.6665,0.6665,1.9165,2.583,1,0,0.0,0,0,0,0,0,0,0.0,0,0,0.0,0.0,0.0,0.0,0.0,,
179,5,8,2,2,0,0,2,3,2,3.0,0,0,0.25,0.3333333333333333,1.0,1.3333333333333333,1,2,0.0,0,0,0,0,0,0,0.0,0,0,0.0,0.0,0.0,0.0,0.0,,,3,7,2,2,0,0,2,6,0,2.0,0,0,0.2,0.2,0.8,1.0,2,4,0.5,1,1,0,0,1,0,1.0,0,0,0.5,0.5,1.0,1.5,0.0,,
180,5,8,2,2,0,0,2,3,2,3.0,0,0,0.25,0.3333333333333333,1.0,1.3333333333333333,1,2,0.0,0,0,0,0,0,0,0.0,0,0,0.0,0.0,0.0,0.0,0.0,,,4,8,3,3,1,0,1,2,2,1.0,0,0,0.2145,0.278,0.5,0.778,1,0,0.0,2,1,0,0,0,0,2.0,0,0,0.0,0.0,0.0,0.0,0.0,0.0,0.0
181,5,8,2,2,0,0,2,3,2,3.0,0,0,0.25,0.3333333333333333,1.0,1.3333333333333333,1,2,0.0,0,0,0,0,0,0,0.0,0,0,0.0,0.0,0.0,0.0,0.0,,,10,17,10,7,1,0,4,11,2,6.0,0,0,0.40825,0.525,1.19575,1.72075,0,0,9.0,4,1,0,0,0,1,3.3,10,8,5.0,0.0,0.0,2.0,0.0,3.1875,0.43125
182,5,8,2,2,0,0,2,3,2,3.0,0,0,0.25,0.3333333333333333,1.0,1.3333333333333333,1,2,0.0,0,0,0,0,0,0,0.0,0,0,0.0,0.0,0.0,0.0,0.0,,,11,16,4,5,0,0,2,3,1,5.0,0,0,0.2072,0.2372,0.44279999999999997,0.6799999999999999,4,7,0.5,1,0,0,0,0,1,0.0,0,0,0.143,1.143,0.143,1.286,0.0,,
183,5,8,2,2,0,0,2,3,2,3.0,0,0,0.25,0.3333333333333333,1.0,1.3333333333333333,1,2,0.0,0,0,0,0,0,0,0.0,0,0,0.0,0.0,0.0,0.0,0.0,,,3,4,2,2,1,0,1,1,2,1.0,0,0,0.5,0.667,1.5,2.167,1,1,0.0,2,0,0,0,0,0,1.2,0,0,0.0,0.0,0.0,0.0,0.0,0.0,0.0
184,5,8,2,2,0,0,2,3,2,3.0,0,0,0.25,0.3333333333333333,1.0,1.3333333333333333,1,2,0.0,0,0,0,0,0,0,0.0,0,0,0.0,0.0,0.0,0.0,0.0,,,3,7,3,4,2,0,1,5,0,1.0,1,0,0.571,0.571,1.286,1.857,1,2,0.0,1,0,0,0,1,1,1.0,0,0,0.0,0.0,1.0,0.0,0.0,0.0,0.0
185,4,10,3,3,0,0,2,6,0,1.0,0,0,0.2915,0.36650000000000005,0.9165,1.283,5,6,2.75,2,1,0,0,0,4,4.0,1,2,1.333,2.6,0.667,2.267,0.0,1.0,0.25,6,14,2,3,0,0,1,4,1,2.0,0,0,0.25,0.26666666666666666,0.5,0.7666666666666666,0,0,45.0,3,0,0,0,0,0,0.4,4,5,5.0,0.0,0.0,5.0,0.0,7.5,0.7223333333333333
186,4,10,3,3,0,0,2,6,0,1.0,0,0,0.2915,0.36650000000000005,0.9165,1.283,5,6,2.75,2,1,0,0,0,4,4.0,1,2,1.333,2.6,0.667,2.267,0.0,1.0,0.25,15,30,4,12,3,0,4,14,3,7.0,1,0,0.41425,0.47024999999999995,0.931,1.40125,2,5,1.0,3,0,0,0,1,0,1.0,0,0,0.6,0.667,0.6,1.267,0.0,,
187,4,10,3,3,0,0,2,6,0,1.0,0,0,0.2915,0.36650000000000005,0.9165,1.283,5,6,2.75,2,1,0,0,0,4,4.0,1,2,1.333,2.6,0.667,2.267,0.0,1.0,0.25,8,17,3,5,0,0,3,8,0,6.0,1,0,0.268,0.30974999999999997,0.58925,0.899,0,0,0.0,3,0,0,0,0,1,1.2,2,0,0.0,0.0,0.0,2.0,0.0,2.6666666666666665,0.25
188,4,10,3,3,0,0,2,6,0,1.0,0,0,0.2915,0.36650000000000005,0.9165,1.283,5,6,2.75,2,1,0,0,0,4,4.0,1,2,1.333,2.6,0.667,2.267,0.0,1.0,0.25,5,11,1,3,0,0,1,1,0,2.0,0,0,0.3,0.3,0.6,0.9,0,1,36.0,1,0,0,0,0,0,1.0,5,4,4.0,0.0,0.0,1.0,0.0,6.0,0.625
189,4,10,3,3,0,0,2,6,0,1.0,0,0,0.2915,0.36650000000000005,0.9165,1.283,5,6,2.75,2,1,0,0,0,4,4.0,1,2,1.333,2.6,0.667,2.267,0.0,1.0,0.25,8,18,5,6,0,0,3,7,0,5.0,1,0,0.35000000000000003,0.35000000000000003,0.9375,1.2874999999999999,1,2,4.5,1,0,0,0,0,0,2.0,1,1,1.0,0.0,0.0,1.0,0.0,2.0,0.25
190,4,10,3,3,0,0,2,6,0,1.0,0,0,0.2915,0.36650000000000005,0.9165,1.283,5,6,2.75,2,1,0,0,0,4,4.0,1,2,1.333,2.6,0.667,2.267,0.0,1.0,0.25,10,18,5,9,2,0,3,4,4,6.0,0,0,0.52075,0.61825,1.14575,1.764,0,0,0.0,1,0,0,0,0,0,0.1,1,0,0.0,0.0,0.0,0.0,0.0,3.0,0.5
191,4,10,3,3,0,0,2,6,0,1.0,0,0,0.2915,0.36650000000000005,0.9165,1.283,5,6,2.75,2,1,0,0,0,4,4.0,1,2,1.333,2.6,0.667,2.267,0.0,1.0,0.25,4,5,2,3,0,0,2,3,0,0.0,0,0,0.6665,0.6665,1.9165,2.583,1,0,0.0,0,0,0,0,0,0,0.0,0,0,0.0,0.0,0.0,0.0,0.0,,
192,4,10,3,3,0,0,2,6,0,1.0,0,0,0.2915,0.36650000000000005,0.9165,1.283,5,6,2.75,2,1,0,0,0,4,4.0,1,2,1.333,2.6,0.667,2.267,0.0,1.0,0.25,3,7,2,2,0,0,2,6,0,2.0,0,0,0.2,0.2,0.8,1.0,2,4,0.5,1,1,0,0,1,0,1.0,0,0,0.5,0.5,1.0,1.5,0.0,,
193,4,10,3,3,0,0,2,6,0,1.0,0,0,0.2915,0.36650000000000005,0.9165,1.283,5,6,2.75,2,1,0,0,0,4,4.0,1,2,1.333,2.6,0.667,2.267,0.0,1.0,0.25,4,8,3,3,1,0,1,2,2,1.0,0,0,0.2145,0.278,0.5,0.778,1,0,0.0,2,1,0,0,0,0,2.0,0,0,0.0,0.0,0.0,0.0,0.0,0.0,0.0
194,4,10,3,3,0,0,2,6,0,1.0,0,0,0.2915,0.36650000000000005,0.9165,1.283,5,6,2.75,2,1,0,0,0,4,4.0,1,2,1.333,2.6,0.667,2.267,0.0,1.0,0.25,10,17,10,7,1,0,4,11,2,6.0,0,0,0.40825,0.525,1.19575,1.72075,0,0,9.0,4,1,0,0,0,1,3.3,10,8,5.0,0.0,0.0,2.0,0.0,3.1875,0.43125
195,4,10,3,3,0,0,2,6,0,1.0,0,0,0.2915,0.36650000000000005,0.9165,1.283,5,6,2.75,2,1,0,0,0,4,4.0,1,2,1.333,2.6,0.667,2.267,0.0,1.0,0.25,11,16,4,5,0,0,2,3,1,5.0,0,0,0.2072,0.2372,0.44279999999999997,0.6799999999999999,4,7,0.5,1,0,0,0,0,1,0.0,0,0,0.143,1.143,0.143,1.286,0.0,,
196,4,10,3,3,0,0,2,6,0,1.0,0,0,0.2915,0.36650000000000005,0.9165,1.283,5,6,2.75,2,1,0,0,0,4,4.0,1,2,1.333,2.6,0.667,2.267,0.0,1.0,0.25,3,4,2,2,1,0,1,1,2,1.0,0,0,0.5,0.667,1.5,2.167,1,1,0.0,2,0,0,0,0,0,1.2,0,0,0.0,0.0,0.0,0.0,0.0,0.0,0.0
197,4,10,3,3,0,0,2,6,0,1.0,0,0,0.2915,0.36650000000000005,0.9165,1.283,5,6,2.75,2,1,0,0,0,4,4.0,1,2,1.333,2.6,0.667,2.267,0.0,1.0,0.25,3,7,3,4,2,0,1,5,0,1.0,1,0,0.571,0.571,1.286,1.857,1,2,0.0,1,0,0,0,1,1,1.0,0,0,0.0,0.0,1.0,0.0,0.0,0.0,0.0
198,6,14,2,3,0,0,1,4,1,2.0,0,0,0.25,0.26666666666666666,0.5,0.7666666666666666,0,0,45.0,3,0,0,0,0,0,0.4,4,5,5.0,0.0,0.0,5.0,0.0,7.5,0.7223333333333333,15,30,4,12,3,0,4,14,3,7.0,1,0,0.41425,0.47024999999999995,0.931,1.40125,2,5,1.0,3,0,0,0,1,0,1.0,0,0,0.6,0.667,0.6,1.267,0.0,,
199,6,14,2,3,0,0,1,4,1,2.0,0,0,0.25,0.26666666666666666,0.5,0.7666666666666666,0,0,45.0,3,0,0,0,0,0,0.4,4,5,5.0,0.0,0.0,5.0,0.0,7.5,0.7223333333333333,8,17,3,5,0,0,3,8,0,6.0,1,0,0.268,0.30974999999999997,0.58925,0.899,0,0,0.0,3,0,0,0,0,1,1.2,2,0,0.0,0.0,0.0,2.0,0.0,2.6666666666666665,0.25
200,6,14,2,3,0,0,1,4,1,2.0,0,0,0.25,0.26666666666666666,0.5,0.7666666666666666,0,0,45.0,3,0,0,0,0,0,0.4,4,5,5.0,0.0,0.0,5.0,0.0,7.5,0.7223333333333333,5,11,1,3,0,0,1,1,0,2.0,0,0,0.3,0.3,0.6,0.9,0,1,36.0,1,0,0,0,0,0,1.0,5,4,4.0,0.0,0.0,1.0,0.0,6.0,0.625
201,6,14,2,3,0,0,1,4,1,2.0,0,0,0.25,0.26666666666666666,0.5,0.7666666666666666,0,0,45.0,3,0,0,0,0,0,0.4,4,5,5.0,0.0,0.0,5.0,0.0,7.5,0.7223333333333333,8,18,5,6,0,0,3,7,0,5.0,1,0,0.35000000000000003,0.35000000000000003,0.9375,1.2874999999999999,1,2,4.5,1,0,0,0,0,0,2.0,1,1,1.0,0.0,0.0,1.0,0.0,2.0,0.25
202,6,14,2,3,0,0,1,4,1,2.0,0,0,0.25,0.26666666666666666,0.5,0.7666666666666666,0,0,45.0,3,0,0,0,0,0,0.4,4,5,5.0,0.0,0.0,5.0,0.0,7.5,0.7223333333333333,10,18,5,9,2,0,3,4,4,6.0,0,0,0.52075,0.61825,1.14575,1.764,0,0,0.0,1,0,0,0,0,0,0.1,1,0,0.0,0.0,0.0,0.0,0.0,3.0,0.5
203,6,14,2,3,0,0,1,4,1,2.0,0,0,0.25,0.26666666666666666,0.5,0.7666666666666666,0,0,45.0,3,0,0,0,0,0,0.4,4,5,5.0,0.0,0.0,5.0,0.0,7.5,0.7223333333333333,4,5,2,3,0,0,2,3,0,0.0,0,0,0.6665,0.6665,1.9165,2.583,1,0,0.0,0,0,0,0,0,0,0.0,0,0,0.0,0.0,0.0,0.0,0.0,,
204,6,14,2,3,0,0,1,4,1,2.0,0,0,0.25,0.26666666666666666,0.5,0.7666666666666666,0,0,45.0,3,0,0,0,0,0,0.4,4,5,5.0,0.0,0.0,5.0,0.0,7.5,0.7223333333333333,3,7,2,2,0,0,2,6,0,2.0,0,0,0.2,0.2,0.8,1.0,2,4,0.5,1,1,0,0,1,0,1.0,0,0,0.5,0.5,1.0,1.5,0.0,,
205,6,14,2,3,0,0,1,4,1,2.0,0,0,0.25,0.26666666666666666,0.5,0.7666666666666666,0,0,45.0,3,0,0,0,0,0,0.4,4,5,5.0,0.0,0.0,5.0,0.0,7.5,0.7223333333333333,4,8,3,3,1,0,1,2,2,1.0,0,0,0.2145,0.278,0.5,0.778,1,0,0.0,2,1,0,0,0,0,2.0,0,0,0.0,0.0,0.0,0.0,0.0,0.0,0.0
206,6,14,2,3,0,0,1,4,1,2.0,0,0,0.25,0.26666666666666666,0.5,0.7666666666666666,0,0,45.0,3,0,0,0,0,0,0.4,4,5,5.0,0.0,0.0,5.0,0.0,7.5,0.7223333333333333,10,17,10,7,1,0,4,11,2,6.0,0,0,0.40825,0.525,1.19575,1.72075,0,0,9.0,4,1,0,0,0,1,3.3,10,8,5.0,0.0,0.0,2.0,0.0,3.1875,0.43125
207,6,14,2,3,0,0,1,4,1,2.0,0,0,0.25,0.26666666666666666,0.5,0.7666666666666666,0,0,45.0,3,0,0,0,0,0,0.4,4,5,5.0,0.0,0.0,5.0,0.0,7.5,0.7223333333333333,11,16,4,5,0,0,2,3,1,5.0,0,0,0.2072,0.2372,0.44279999999999997,0.6799999999999999,4,7,0.5,1,0,0,0,0,1,0.0,0,0,0.143,1.143,0.143,1.286,0.0,,
208,6,14,2,3,0,0,1,4,1,2.0,0,0,0.25,0.26666666666666666,0.5,0.7666666666666666,0,0,45.0,3,0,0,0,0,0,0.4,4,5,5.0,0.0,0.0,5.0,0.0,7.5,0.7223333333333333,3,4,2,2,1,0,1,1,2,1.0,0,0,0.5,0.667,1.5,2.167,1,1,0.0,2,0,0,0,0,0,1.2,0,0,0.0,0.0,0.0,0.0,0.0,0.0,0.0
209,6,14,2,3,0,0,1,4,1,2.0,0,0,0.25,0.26666666666666666,0.5,0.7666666666666666,0,0,45.0,3,0,0,0,0,0,0.4,4,5,5.0,0.0,0.0,5.0,0.0,7.5,0.7223333333333333,3,7,3,4,2,0,1,5,0,1.0,1,0,0.571,0.571,1.286,1.857,1,2,0.0,1,0,0,0,1,1,1.0,0,0,0.0,0.0,1.0,0.0,0.0,0.0,0.0
210,15,30,4,12,3,0,4,14,3,7.0,1,0,0.41425,0.47024999999999995,0.931,1.40125,2,5,1.0,3,0,0,0,1,0,1.0,0,0,0.6,0.667,0.6,1.267,0.0,,,8,17,3,5,0,0,3,8,0,6.0,1,0,0.268,0.30974999999999997,0.58925,0.899,0,0,0.0,3,0,0,0,0,1,1.2,2,0,0.0,0.0,0.0,2.0,0.0,2.6666666666666665,0.25
211,15,30,4,12,3,0,4,14,3,7.0,1,0,0.41425,0.47024999999999995,0.931,1.40125,2,5,1.0,3,0,0,0,1,0,1.0,0,0,0.6,0.667,0.6,1.267,0.0,,,5,11,1,3,0,0,1,1,0,2.0,0,0,0.3,0.3,0.6,0.9,0,1,36.0,1,0,0,0,0,0,1.0,5,4,4.0,0.0,0.0,1.0,0.0,6.0,0.625
212,15,30,4,12,3,0,4,14,3,7.0,1,0,0.41425,0.47024999999999995,0.931,1.40125,2,5,1.0,3,0,0,0,1,0,1.0,0,0,0.6,0.667,0.6,1.267,0.0,,,8,18,5,6,0,0,3,7,0,5.0,1,0,0.35000000000000003,0.35000000000000003,0.9375,1.2874999999999999,1,2,4.5,1,0,0,0,0,0,2.0,1,1,1.0,0.0,0.0,1.0,0.0,2.0,0.25
213,15,30,4,12,3,0,4,14,3,7.0,1,0,0.41425,0.47024999999999995,0.931,1.40125,2,5,1.0,3,0,0,0,1,0,1.0,0,0,0.6,0.667,0.6,1.267,0.0,,,10,18,5,9,2,0,3,4,4,6.0,0,0,0.52075,0.61825,1.14575,1.764,0,0,0.0,1,0,0,0,0,0,0.1,1,0,0.0,0.0,0.0,0.0,0.0,3.0,0.5
214,15,30,4,12,3,0,4,14,3,7.0,1,0,0.41425,0.47024999999999995,0.931,1.40125,2,5,1.0,3,0,0,0,1,0,1.0,0,0,0.6,0.667,0.6,1.267,0.0,,,4,5,2,3,0,0,2,3,0,0.0,0,0,0.6665,0.6665,1.9165,2.583,1,0,0.0,0,0,0,0,0,0,0.0,0,0,0.0,0.0,0.0,0.0,0.0,,
215,15,30,4,12,3,0,4,14,3,7.0,1,0,0.41425,0.47024999999999995,0.931,1.40125,2,5,1.0,3,0,0,0,1,0,1.0,0,0,0.6,0.667,0.6,1.267,0.0,,,3,7,2,2,0,0,2,6,0,2.0,0,0,0.2,0.2,0.8,1.0,2,4,0.5,1,1,0,0,1,0,1.0,0,0,0.5,0.5,1.0,1.5,0.0,,
216,15,30,4,12,3,0,4,14,3,7.0,1,0,0.41425,0.47024999999999995,0.931,1.40125,2,5,1.0,3,0,0,0,1,0,1.0,0,0,0.6,0.667,0.6,1.267,0.0,,,4,8,3,3,1,0,1,2,2,1.0,0,0,0.2145,0.278,0.5,0.778,1,0,0.0,2,1,0,0,0,0,2.0,0,0,0.0,0.0,0.0,0.0,0.0,0.0,0.0
217,15,30,4,12,3,0,4,14,3,7.0,1,0,0.41425,0.47024999999999995,0.931,1.40125,2,5,1.0,3,0,0,0,1,0,1.0,0,0,0.6,0.667,0.6,1.267,0.0,,,10,17,10,7,1,0,4,11,2,6.0,0,0,0.40825,0.525,1.19575,1.72075,0,0,9.0,4,1,0,0,0,1,3.3,10,8,5.0,0.0,0.0,2.0,0.0,3.1875,0.43125
218,15,30,4,12,3,0,4,14,3,7.0,1,0,0.41425,0.47024999999999995,0.931,1.40125,2,5,1.0,3,0,0,0,1,0,1.0,0,0,0.6,0.667,0.6,1.267,0.0,,,11,16,4,5,0,0,2,3,1,5.0,0,0,0.2072,0.2372,0.44279999999999997,0.6799999999999999,4,7,0.5,1,0,0,0,0,1,0.0,0,0,0.143,1.143,0.143,1.286,0.0,,
219,15,30,4,12,3,0,4,14,3,7.0,1,0,0.41425,0.47024999999999995,0.931,1.40125,2,5,1.0,3,0,0,0,1,0,1.0,0,0,0.6,0.667,0.6,1.267,0.0,,,3,4,2,2,1,0,1,1,2,1.0,0,0,0.5,0.667,1.5,2.167,1,1,0.0,2,0,0,0,0,0,1.2,0,0,0.0,0.0,0.0,0.0,0.0,0.0,0.0
220,15,30,4,12,3,0,4,14,3,7.0,1,0,0.41425,0.47024999999999995,0.931,1.40125,2,5,1.0,3,0,0,0,1,0,1.0,0,0,0.6,0.667,0.6,1.267,0.0,,,3,7,3,4,2,0,1,5,0,1.0,1,0,0.571,0.571,1.286,1.857,1,2,0.0,1,0,0,0,1,1,1.0,0,0,0.0,0.0,1.0,0.0,0.0,0.0,0.0
221,8,17,3,5,0,0,3,8,0,6.0,1,0,0.268,0.30974999999999997,0.58925,0.899,0,0,0.0,3,0,0,0,0,1,1.2,2,0,0.0,0.0,0.0,2.0,0.0,2.6666666666666665,0.25,5,11,1,3,0,0,1,1,0,2.0,0,0,0.3,0.3,0.6,0.9,0,1,36.0,1,0,0,0,0,0,1.0,5,4,4.0,0.0,0.0,1.0,0.0,6.0,0.625
222,8,17,3,5,0,0,3,8,0,6.0,1,0,0.268,0.30974999999999997,0.58925,0.899,0,0,0.0,3,0,0,0,0,1,1.2,2,0,0.0,0.0,0.0,2.0,0.0,2.6666666666666665,0.25,8,18,5,6,0,0,3,7,0,5.0,1,0,0.35000000000000003,0.35000000000000003,0.9375,1.2874999999999999,1,2,4.5,1,0,0,0,0,0,2.0,1,1,1.0,0.0,0.0,1.0,0.0,2.0,0.25
223,8,17,3,5,0,0,3,8,0,6.0,1,0,0.268,0.30974999999999997,0.58925,0.899,0,0,0.0,3,0,0,0,0,1,1.2,2,0,0.0,0.0,0.0,2.0,0.0,2.6666666666666665,0.25,10,18,5,9,2,0,3,4,4,6.0,0,0,0.52075,0.61825,1.14575,1.764,0,0,0.0,1,0,0,0,0,0,0.1,1,0,0.0,0.0,0.0,0.0,0.0,3.0,0.5
224,8,17,3,5,0,0,3,8,0,6.0,1,0,0.268,0.30974999999999997,0.58925,0.899,0,0,0.0,3,0,0,0,0,1,1.2,2,0,0.0,0.0,0.0,2.0,0.0,2.6666666666666665,0.25,4,5,2,3,0,0,2,3,0,0.0,0,0,0.6665,0.6665,1.9165,2.583,1,0,0.0,0,0,0,0,0,0,0.0,0,0,0.0,0.0,0.0,0.0,0.0,,
225,8,17,3,5,0,0,3,8,0,6.0,1,0,0.268,0.30974999999999997,0.58925,0.899,0,0,0.0,3,0,0,0,0,1,1.2,2,0,0.0,0.0,0.0,2.0,0.0,2.6666666666666665,0.25,3,7,2,2,0,0,2,6,0,2.0,0,0,0.2,0.2,0.8,1.0,2,4,0.5,1,1,0,0,1,0,1.0,0,0,0.5,0.5,1.0,1.5,0.0,,
226,8,17,3,5,0,0,3,8,0,6.0,1,0,0.268,0.30974999999999997,0.58925,0.899,0,0,0.0,3,0,0,0,0,1,1.2,2,0,0.0,0.0,0.0,2.0,0.0,2.6666666666666665,0.25,4,8,3,3,1,0,1,2,2,1.0,0,0,0.2145,0.278,0.5,0.778,1,0,0.0,2,1,0,0,0,0,2.0,0,0,0.0,0.0,0.0,0.0,0.0,0.0,0.0
227,8,17,3,5,0,0,3,8,0,6.0,1,0,0.268,0.30974999999999997,0.58925,0.899,0,0,0.0,3,0,0,0,0,1,1.2,2,0,0.0,0.0,0.0,2.0,0.0,2.6666666666666665,0.25,10,17,10,7,1,0,4,11,2,6.0,0,0,0.40825,0.525,1.19575,1.72075,0,0,9.0,4,1,0,0,0,1,3.3,10,8,5.0,0.0,0.0,2.0,0.0,3.1875,0.43125
228,8,17,3,5,0,0,3,8,0,6.0,1,0,0.268,0.30974999999999997,0.58925,0.899,0,0,0.0,3,0,0,0,0,1,1.2,2,0,0.0,0.0,0.0,2.0,0.0,2.6666666666666665,0.25,11,16,4,5,0,0,2,3,1,5.0,0,0,0.2072,0.2372,0.44279999999999997,0.6799999999999999,4,7,0.5,1,0,0,0,0,1,0.0,0,0,0.143,1.143,0.143,1.286,0.0,,
229,8,17,3,5,0,0,3,8,0,6.0,1,0,0.268,0.30974999999999997,0.58925,0.899,0,0,0.0,3,0,0,0,0,1,1.2,2,0,0.0,0.0,0.0,2.0,0.0,2.6666666666666665,0.25,3,4,2,2,1,0,1,1,2,1.0,0,0,0.5,0.667,1.5,2.167,1,1,0.0,2,0,0,0,0,0,1.2,0,0,0.0,0.0,0.0,0.0,0.0,0.0,0.0
230,8,17,3,5,0,0,3,8,0,6.0,1,0,0.268,0.30974999999999997,0.58925,0.899,0,0,0.0,3,0,0,0,0,1,1.2,2,0,0.0,0.0,0.0,2.0,0.0,2.6666666666666665,0.25,3,7,3,4,2,0,1,5,0,1.0,1,0,0.571,0.571,1.286,1.857,1,2,0.0,1,0,0,0,1,1,1.0,0,0,0.0,0.0,1.0,0.0,0.0,0.0,0.0
231,5,11,1,3,0,0,1,1,0,2.0,0,0,0.3,0.3,0.6,0.9,0,1,36.0,1,0,0,0,0,0,1.0,5,4,4.0,0.0,0.0,1.0,0.0,6.0,0.625,8,18,5,6,0,0,3,7,0,5.0,1,0,0.35000000000000003,0.35000000000000003,0.9375,1.2874999999999999,1,2,4.5,1,0,0,0,0,0,2.0,1,1,1.0,0.0,0.0,1.0,0.0,2.0,0.25
232,5,11,1,3,0,0,1,1,0,2.0,0,0,0.3,0.3,0.6,0.9,0,1,36.0,1,0,0,0,0,0,1.0,5,4,4.0,0.0,0.0,1.0,0.0,6.0,0.625,10,18,5,9,2,0,3,4,4,6.0,0,0,0.52075,0.61825,1.14575,1.764,0,0,0.0,1,0,0,0,0,0,0.1,1,0,0.0,0.0,0.0,0.0,0.0,3.0,0.5
233,5,11,1,3,0,0,1,1,0,2.0,0,0,0.3,0.3,0.6,0.9,0,1,36.0,1,0,0,0,0,0,1.0,5,4,4.0,0.0,0.0,1.0,0.0,6.0,0.625,4,5,2,3,0,0,2,3,0,0.0,0,0,0.6665,0.6665,1.9165,2.583,1,0,0.0,0,0,0,0,0,0,0.0,0,0,0.0,0.0,0.0,0.0,0.0,,
234,5,11,1,3,0,0,1,1,0,2.0,0,0,0.3,0.3,0.6,0.9,0,1,36.0,1,0,0,0,0,0,1.0,5,4,4.0,0.0,0.0,1.0,0.0,6.0,0.625,3,7,2,2,0,0,2,6,0,2.0,0,0,0.2,0.2,0.8,1.0,2,4,0.5,1,1,0,0,1,0,1.0,0,0,0.5,0.5,1.0,1.5,0.0,,
235,5,11,1,3,0,0,1,1,0,2.0,0,0,0.3,0.3,0.6,0.9,0,1,36.0,1,0,0,0,0,0,1.0,5,4,4.0,0.0,0.0,1.0,0.0,6.0,0.625,4,8,3,3,1,0,1,2,2,1.0,0,0,0.2145,0.278,0.5,0.778,1,0,0.0,2,1,0,0,0,0,2.0,0,0,0.0,0.0,0.0,0.0,0.0,0.0,0.0
236,5,11,1,3,0,0,1,1,0,2.0,0,0,0.3,0.3,0.6,0.9,0,1,36.0,1,0,0,0,0,0,1.0,5,4,4.0,0.0,0.0,1.0,0.0,6.0,0.625,10,17,10,7,1,0,4,11,2,6.0,0,0,0.40825,0.525,1.19575,1.72075,0,0,9.0,4,1,0,0,0,1,3.3,10,8,5.0,0.0,0.0,2.0,0.0,3.1875,0.43125
237,5,11,1,3,0,0,1,1,0,2.0,0,0,0.3,0.3,0.6,0.9,0,1,36.0,1,0,0,0,0,0,1.0,5,4,4.0,0.0,0.0,1.0,0.0,6.0,0.625,11,16,4,5,0,0,2,3,1,5.0,0,0,0.2072,0.2372,0.44279999999999997,0.6799999999999999,4,7,0.5,1,0,0,0,0,1,0.0,0,0,0.143,1.143,0.143,1.286,0.0,,
238,5,11,1,3,0,0,1,1,0,2.0,0,0,0.3,0.3,0.6,0.9,0,1,36.0,1,0,0,0,0,0,1.0,5,4,4.0,0.0,0.0,1.0,0.0,6.0,0.625,3,4,2,2,1,0,1,1,2,1.0,0,0,0.5,0.667,1.5,2.167,1,1,0.0,2,0,0,0,0,0,1.2,0,0,0.0,0.0,0.0,0.0,0.0,0.0,0.0
239,5,11,1,3,0,0,1,1,0,2.0,0,0,0.3,0.3,0.6,0.9,0,1,36.0,1,0,0,0,0,0,1.0,5,4,4.0,0.0,0.0,1.0,0.0,6.0,0.625,3,7,3,4,2,0,1,5,0,1.0,1,0,0.571,0.571,1.286,1.857,1,2,0.0,1,0,0,0,1,1,1.0,0,0,0.0,0.0,1.0,0.0,0.0,0.0,0.0
240,8,18,5,6,0,0,3,7,0,5.0,1,0,0.35000000000000003,0.35000000000000003,0.9375,1.2874999999999999,1,2,4.5,1,0,0,0,0,0,2.0,1,1,1.0,0.0,0.0,1.0,0.0,2.0,0.25,10,18,5,9,2,0,3,4,4,6.0,0,0,0.52075,0.61825,1.14575,1.764,0,0,0.0,1,0,0,0,0,0,0.1,1,0,0.0,0.0,0.0,0.0,0.0,3.0,0.5
241,8,18,5,6,0,0,3,7,0,5.0,1,0,0.35000000000000003,0.35000000000000003,0.9375,1.2874999999999999,1,2,4.5,1,0,0,0,0,0,2.0,1,1,1.0,0.0,0.0,1.0,0.0,2.0,0.25,4,5,2,3,0,0,2,3,0,0.0,0,0,0.6665,0.6665,1.9165,2.583,1,0,0.0,0,0,0,0,0,0,0.0,0,0,0.0,0.0,0.0,0.0,0.0,,
242,8,18,5,6,0,0,3,7,0,5.0,1,0,0.35000000000000003,0.35000000000000003,0.9375,1.2874999999999999,1,2,4.5,1,0,0,0,0,0,2.0,1,1,1.0,0.0,0.0,1.0,0.0,2.0,0.25,3,7,2,2,0,0,2,6,0,2.0,0,0,0.2,0.2,0.8,1.0,2,4,0.5,1,1,0,0,1,0,1.0,0,0,0.5,0.5,1.0,1.5,0.0,,
243,8,18,5,6,0,0,3,7,0,5.0,1,0,0.35000000000000003,0.35000000000000003,0.9375,1.2874999999999999,1,2,4.5,1,0,0,0,0,0,2.0,1,1,1.0,0.0,0.0,1.0,0.0,2.0,0.25,4,8,3,3,1,0,1,2,2,1.0,0,0,0.2145,0.278,0.5,0.778,1,0,0.0,2,1,0,0,0,0,2.0,0,0,0.0,0.0,0.0,0.0,0.0,0.0,0.0
244,8,18,5,6,0,0,3,7,0,5.0,1,0,0.35000000000000003,0.35000000000000003,0.9375,1.2874999999999999,1,2,4.5,1,0,0,0,0,0,2.0,1,1,1.0,0.0,0.0,1.0,0.0,2.0,0.25,10,17,10,7,1,0,4,11,2,6.0,0,0,0.40825,0.525,1.19575,1.72075,0,0,9.0,4,1,0,0,0,1,3.3,10,8,5.0,0.0,0.0,2.0,0.0,3.1875,0.43125
245,8,18,5,6,0,0,3,7,0,5.0,1,0,0.35000000000000003,0.35000000000000003,0.9375,1.2874999999999999,1,2,4.5,1,0,0,0,0,0,2.0,1,1,1.0,0.0,0.0,1.0,0.0,2.0,0.25,11,16,4,5,0,0,2,3,1,5.0,0,0,0.2072,0.2372,0.44279999999999997,0.6799999999999999,4,7,0.5,1,0,0,0,0,1,0.0,0,0,0.143,1.143,0.143,1.286,0.0,,
246,8,18,5,6,0,0,3,7,0,5.0,1,0,0.35000000000000003,0.35000000000000003,0.9375,1.2874999999999999,1,2,4.5,1,0,0,0,0,0,2.0,1,1,1.0,0.0,0.0,1.0,0.0,2.0,0.25,3,4,2,2,1,0,1,1,2,1.0,0,0,0.5,0.667,1.5,2.167,1,1,0.0,2,0,0,0,0,0,1.2,0,0,0.0,0.0,0.0,0.0,0.0,0.0,0.0
247,8,18,5,6,0,0,3,7,0,5.0,1,0,0.35000000000000003,0.35000000000000003,0.9375,1.2874999999999999,1,2,4.5,1,0,0,0,0,0,2.0,1,1,1.0,0.0,0.0,1.0,0.0,2.0,0.25,3,7,3,4,2,0,1,5,0,1.0,1,0,0.571,0.571,1.286,1.857,1,2,0.0,1,0,0,0,1,1,1.0,0,0,0.0,0.0,1.0,0.0,0.0,0.0,0.0
248,10,18,5,9,2,0,3,4,4,6.0,0,0,0.52075,0.61825,1.14575,1.764,0,0,0.0,1,0,0,0,0,0,0.1,1,0,0.0,0.0,0.0,0.0,0.0,3.0,0.5,4,5,2,3,0,0,2,3,0,0.0,0,0,0.6665,0.6665,1.9165,2.583,1,0,0.0,0,0,0,0,0,0,0.0,0,0,0.0,0.0,0.0,0.0,0.0,,
249,10,18,5,9,2,0,3,4,4,6.0,0,0,0.52075,0.61825,1.14575,1.764,0,0,0.0,1,0,0,0,0,0,0.1,1,0,0.0,0.0,0.0,0.0,0.0,3.0,0.5,3,7,2,2,0,0,2,6,0,2.0,0,0,0.2,0.2,0.8,1.0,2,4,0.5,1,1,0,0,1,0,1.0,0,0,0.5,0.5,1.0,1.5,0.0,,
250,10,18,5,9,2,0,3,4,4,6.0,0,0,0.52075,0.61825,1.14575,1.764,0,0,0.0,1,0,0,0,0,0,0.1,1,0,0.0,0.0,0.0,0.0,0.0,3.0,0.5,4,8,3,3,1,0,1,2,2,1.0,0,0,0.2145,0.278,0.5,0.778,1,0,0.0,2,1,0,0,0,0,2.0,0,0,0.0,0.0,0.0,0.0,0.0,0.0,0.0
251,10,18,5,9,2,0,3,4,4,6.0,0,0,0.52075,0.61825,1.14575,1.764,0,0,0.0,1,0,0,0,0,0,0.1,1,0,0.0,0.0,0.0,0.0,0.0,3.0,0.5,10,17,10,7,1,0,4,11,2,6.0,0,0,0.40825,0.525,1.19575,1.72075,0,0,9.0,4,1,0,0,0,1,3.3,10,8,5.0,0.0,0.0,2.0,0.0,3.1875,0.43125
252,10,18,5,9,2,0,3,4,4,6.0,0,0,0.52075,0.61825,1.14575,1.764,0,0,0.0,1,0,0,0,0,0,0.1,1,0,0.0,0.0,0.0,0.0,0.0,3.0,0.5,11,16,4,5,0,0,2,3,1,5.0,0,0,0.2072,0.2372,0.44279999999999997,0.6799999999999999,4,7,0.5,1,0,0,0,0,1,0.0,0,0,0.143,1.143,0.143,1.286,0.0,,
253,10,18,5,9,2,0,3,4,4,6.0,0,0,0.52075,0.61825,1.14575,1.764,0,0,0.0,1,0,0,0,0,0,0.1,1,0,0.0,0.0,0.0,0.0,0.0,3.0,0.5,3,4,2,2,1,0,1,1,2,1.0,0,0,0.5,0.667,1.5,2.167,1,1,0.0,2,0,0,0,0,0,1.2,0,0,0.0,0.0,0.0,0.0,0.0,0.0,0.0
254,10,18,5,9,2,0,3,4,4,6.0,0,0,0.52075,0.61825,1.14575,1.764,0,0,0.0,1,0,0,0,0,0,0.1,1,0,0.0,0.0,0.0,0.0,0.0,3.0,0.5,3,7,3,4,2,0,1,5,0,1.0,1,0,0.571,0.571,1.286,1.857,1,2,0.0,1,0,0,0,1,1,1.0,0,0,0.0,0.0,1.0,0.0,0.0,0.0,0.0
255,4,5,2,3,0,0,2,3,0,0.0,0,0,0.6665,0.6665,1.9165,2.583,1,0,0.0,0,0,0,0,0,0,0.0,0,0,0.0,0.0,0.0,0.0,0.0,,,3,7,2,2,0,0,2,6,0,2.0,0,0,0.2,0.2,0.8,1.0,2,4,0.5,1,1,0,0,1,0,1.0,0,0,0.5,0.5,1.0,1.5,0.0,,
256,4,5,2,3,0,0,2,3,0,0.0,0,0,0.6665,0.6665,1.9165,2.583,1,0,0.0,0,0,0,0,0,0,0.0,0,0,0.0,0.0,0.0,0.0,0.0,,,4,8,3,3,1,0,1,2,2,1.0,0,0,0.2145,0.278,0.5,0.778,1,0,0.0,2,1,0,0,0,0,2.0,0,0,0.0,0.0,0.0,0.0,0.0,0.0,0.0
257,4,5,2,3,0,0,2,3,0,0.0,0,0,0.6665,0.6665,1.9165,2.583,1,0,0.0,0,0,0,0,0,0,0.0,0,0,0.0,0.0,0.0,0.0,0.0,,,10,17,10,7,1,0,4,11,2,6.0,0,0,0.40825,0.525,1.19575,1.72075,0,0,9.0,4,1,0,0,0,1,3.3,10,8,5.0,0.0,0.0,2.0,0.0,3.1875,0.43125
258,4,5,2,3,0,0,2,3,0,0.0,0,0,0.6665,0.6665,1.9165,2.583,1,0,0.0,0,0,0,0,0,0,0.0,0,0,0.0,0.0,0.0,0.0,0.0,,,11,16,4,5,0,0,2,3,1,5.0,0,0,0.2072,0.2372,0.44279999999999997,0.6799999999999999,4,7,0.5,1,0,0,0,0,1,0.0,0,0,0.143,1.143,0.143,1.286,0.0,,
259,4,5,2,3,0,0,2,3,0,0.0,0,0,0.6665,0.6665,1.9165,2.583,1,0,0.0,0,0,0,0,0,0,0.0,0,0,0.0,0.0,0.0,0.0,0.0,,,3,4,2,2,1,0,1,1,2,1.0,0,0,0.5,0.667,1.5,2.167,1,1,0.0,2,0,0,0,0,0,1.2,0,0,0.0,0.0,0.0,0.0,0.0,0.0,0.0
260,4,5,2,3,0,0,2,3,0,0.0,0,0,0.6665,0.6665,1.9165,2.583,1,0,0.0,0,0,0,0,0,0,0.0,0,0,0.0,0.0,0.0,0.0,0.0,,,3,7,3,4,2,0,1,5,0,1.0,1,0,0.571,0.571,1.286,1.857,1,2,0.0,1,0,0,0,1,1,1.0,0,0,0.0,0.0,1.0,0.0,0.0,0.0,0.0
261,3,7,2,2,0,0,2,6,0,2.0,0,0,0.2,0.2,0.8,1.0,2,4,0.5,1,1,0,0,1,0,1.0,0,0,0.5,0.5,1.0,1.5,0.0,,,4,8,3,3,1,0,1,2,2,1.0,0,0,0.2145,0.278,0.5,0.778,1,0,0.0,2,1,0,0,0,0,2.0,0,0,0.0,0.0,0.0,0.0,0.0,0.0,0.0
262,3,7,2,2,0,0,2,6,0,2.0,0,0,0.2,0.2,0.8,1.0,2,4,0.5,1,1,0,0,1,0,1.0,0,0,0.5,0.5,1.0,1.5,0.0,,,10,17,10,7,1,0,4,11,2,6.0,0,0,0.40825,0.525,1.19575,1.72075,0,0,9.0,4,1,0,0,0,1,3.3,10,8,5.0,0.0,0.0,2.0,0.0,3.1875,0.43125
263,3,7,2,2,0,0,2,6,0,2.0,0,0,0.2,0.2,0.8,1.0,2,4,0.5,1,1,0,0,1,0,1.0,0,0,0.5,0.5,1.0,1.5,0.0,,,11,16,4,5,0,0,2,3,1,5.0,0,0,0.2072,0.2372,0.44279999999999997,0.6799999999999999,4,7,0.5,1,0,0,0,0,1,0.0,0,0,0.143,1.143,0.143,1.286,0.0,,
264,3,7,2,2,0,0,2,6,0,2.0,0,0,0.2,0.2,0.8,1.0,2,4,0.5,1,1,0,0,1,0,1.0,0,0,0.5,0.5,1.0,1.5,0.0,,,3,4,2,2,1,0,1,1,2,1.0,0,0,0.5,0.667,1.5,2.167,1,1,0.0,2,0,0,0,0,0,1.2,0,0,0.0,0.0,0.0,0.0,0.0,0.0,0.0
265,3,7,2,2,0,0,2,6,0,2.0,0,0,0.2,0.2,0.8,1.0,2,4,0.5,1,1,0,0,1,0,1.0,0,0,0.5,0.5,1.0,1.5,0.0,,,3,7,3,4,2,0,1,5,0,1.0,1,0,0.571,0.571,1.286,1.857,1,2,0.0,1,0,0,0,1,1,1.0,0,0,0.0,0.0,1.0,0.0,0.0,0.0,0.0
266,4,8,3,3,1,0,1,2,2,1.0,0,0,0.2145,0.278,0.5,0.778,1,0,0.0,2,1,0,0,0,0,2.0,0,0,0.0,0.0,0.0,0.0,0.0,0.0,0.0,10,17,10,7,1,0,4,11,2,6.0,0,0,0.40825,0.525,1.19575,1.72075,0,0,9.0,4,1,0,0,0,1,3.3,10,8,5.0,0.0,0.0,2.0,0.0,3.1875,0.43125
267,4,8,3,3,1,0,1,2,2,1.0,0,0,0.2145,0.278,0.5,0.778,1,0,0.0,2,1,0,0,0,0,2.0,0,0,0.0,0.0,0.0,0.0,0.0,0.0,0.0,11,16,4,5,0,0,2,3,1,5.0,0,0,0.2072,0.2372,0.44279999999999997,0.6799999999999999,4,7,0.5,1,0,0,0,0,1,0.0,0,0,0.143,1.143,0.143,1.286,0.0,,
268,4,8,3,3,1,0,1,2,2,1.0,0,0,0.2145,0.278,0.5,0.778,1,0,0.0,2,1,0,0,0,0,2.0,0,0,0.0,0.0,0.0,0.0,0.0,0.0,0.0,3,4,2,2,1,0,1,1,2,1.0,0,0,0.5,0.667,1.5,2.167,1,1,0.0,2,0,0,0,0,0,1.2,0,0,0.0,0.0,0.0,0.0,0.0,0.0,0.0
269,4,8,3,3,1,0,1,2,2,1.0,0,0,0.2145,0.278,0.5,0.778,1,0,0.0,2,1,0,0,0,0,2.0,0,0,0.0,0.0,0.0,0.0,0.0,0.0,0.0,3,7,3,4,2,0,1,5,0,1.0,1,0,0.571,0.571,1.286,1.857,1,2,0.0,1,0,0,0,1,1,1.0,0,0,0.0,0.0,1.0,0.0,0.0,0.0,0.0
270,10,17,10,7,1,0,4,11,2,6.0,0,0,0.40825,0.525,1.19575,1.72075,0,0,9.0,4,1,0,0,0,1,3.3,10,8,5.0,0.0,0.0,2.0,0.0,3.1875,0.43125,11,16,4,5,0,0,2,3,1,5.0,0,0,0.2072,0.2372,0.44279999999999997,0.6799999999999999,4,7,0.5,1,0,0,0,0,1,0.0,0,0,0.143,1.143,0.143,1.286,0.0,,
271,10,17,10,7,1,0,4,11,2,6.0,0,0,0.40825,0.525,1.19575,1.72075,0,0,9.0,4,1,0,0,0,1,3.3,10,8,5.0,0.0,0.0,2.0,0.0,3.1875,0.43125,3,4,2,2,1,0,1,1,2,1.0,0,0,0.5,0.667,1.5,2.167,1,1,0.0,2,0,0,0,0,0,1.2,0,0,0.0,0.0,0.0,0.0,0.0,0.0,0.0
272,10,17,10,7,1,0,4,11,2,6.0,0,0,0.40825,0.525,1.19575,1.72075,0,0,9.0,4,1,0,0,0,1,3.3,10,8,5.0,0.0,0.0,2.0,0.0,3.1875,0.43125,3,7,3,4,2,0,1,5,0,1.0,1,0,0.571,0.571,1.286,1.857,1,2,0.0,1,0,0,0,1,1,1.0,0,0,0.0,0.0,1.0,0.0,0.0,0.0,0.0
273,11,16,4,5,0,0,2,3,1,5.0,0,0,0.2072,0.2372,0.44279999999999997,0.6799999999999999,4,7,0.5,1,0,0,0,0,1,0.0,0,0,0.143,1.143,0.143,1.286,0.0,,,3,4,2,2,1,0,1,1,2,1.0,0,0,0.5,0.667,1.5,2.167,1,1,0.0,2,0,0,0,0,0,1.2,0,0,0.0,0.0,0.0,0.0,0.0,0.0,0.0
274,11,16,4,5,0,0,2,3,1,5.0,0,0,0.2072,0.2372,0.44279999999999997,0.6799999999999999,4,7,0.5,1,0,0,0,0,1,0.0,0,0,0.143,1.143,0.143,1.286,0.0,,,3,7,3,4,2,0,1,5,0,1.0,1,0,0.571,0.571,1.286,1.857,1,2,0.0,1,0,0,0,1,1,1.0,0,0,0.0,0.0,1.0,0.0,0.0,0.0,0.0
275,3,4,2,2,1,0,1,1,2,1.0,0,0,0.5,0.667,1.5,2.167,1,1,0.0,2,0,0,0,0,0,1.2,0,0,0.0,0.0,0.0,0.0,0.0,0.0,0.0,3,7,3,4,2,0,1,5,0,1.0,1,0,0.571,0.571,1.286,1.857,1,2,0.0,1,0,0,0,1,1,1.0,0,0,0.0,0.0,1.0,0.0,0.0,0.0,0.0
